0.002	0.998
0.004	0.996004
0.006	0.994012
0.008	0.992024
0.01	0.99004
0.012	0.98806
0.014	0.986084
0.016	0.984112
0.018	0.982143
0.02	0.980179
0.022	0.978219
0.024	0.976262
0.026	0.97431
0.028	0.972361
0.03	0.970416
0.032	0.968476
0.034	0.966539
0.036	0.964606
0.038	0.962676
0.04	0.960751
0.042	0.958829
0.044	0.956912
0.046	0.954998
0.048	0.953088
0.05	0.951182
0.052	0.949279
0.054	0.947381
0.056	0.945486
0.058	0.943595
0.06	0.941708
0.062	0.939825
0.064	0.937945
0.066	0.936069
0.068	0.934197
0.07	0.932328
0.072	0.930464
0.074	0.928603
0.076	0.926746
0.078	0.924892
0.08	0.923042
0.082	0.921196
0.084	0.919354
0.086	0.917515
0.088	0.91568
0.09	0.913849
0.092	0.912021
0.094	0.910197
0.096	0.908377
0.098	0.90656
0.1	0.904747
0.102	0.902937
0.104	0.901131
0.106	0.899329
0.108	0.897531
0.11	0.895735
0.112	0.893944
0.114	0.892156
0.116	0.890372
0.118	0.888591
0.12	0.886814
0.122	0.88504
0.124	0.88327
0.126	0.881504
0.128	0.879741
0.13	0.877981
0.132	0.876225
0.134	0.874473
0.136	0.872724
0.138	0.870978
0.14	0.869236
0.142	0.867498
0.144	0.865763
0.146	0.864031
0.148	0.862303
0.15	0.860579
0.152	0.858858
0.154	0.85714
0.156	0.855426
0.158	0.853715
0.16	0.852007
0.162	0.850303
0.164	0.848603
0.166	0.846905
0.168	0.845212
0.17	0.843521
0.172	0.841834
0.174	0.840151
0.176	0.83847
0.178	0.836793
0.18	0.83512
0.182	0.833449
0.184	0.831783
0.186	0.830119
0.188	0.828459
0.19	0.826802
0.192	0.825148
0.194	0.823498
0.196	0.821851
0.198	0.820207
0.2	0.818567
0.202	0.81693
0.204	0.815296
0.206	0.813665
0.208	0.812038
0.21	0.810414
0.212	0.808793
0.214	0.807175
0.216	0.805561
0.218	0.80395
0.22	0.802342
0.222	0.800737
0.224	0.799136
0.226	0.797538
0.228	0.795943
0.23	0.794351
0.232	0.792762
0.234	0.791176
0.236	0.789594
0.238	0.788015
0.24	0.786439
0.242	0.784866
0.244	0.783296
0.246	0.78173
0.248	0.780166
0.25	0.778606
0.252	0.777049
0.254	0.775495
0.256	0.773944
0.258	0.772396
0.26	0.770851
0.262	0.769309
0.264	0.767771
0.266	0.766235
0.268	0.764703
0.27	0.763173
0.272	0.761647
0.274	0.760123
0.276	0.758603
0.278	0.757086
0.28	0.755572
0.282	0.754061
0.284	0.752553
0.286	0.751047
0.288	0.749545
0.29	0.748046
0.292	0.74655
0.294	0.745057
0.296	0.743567
0.298	0.74208
0.3	0.740596
0.302	0.739115
0.304	0.737636
0.306	0.736161
0.308	0.734689
0.31	0.733219
0.312	0.731753
0.314	0.730289
0.316	0.728829
0.318	0.727371
0.32	0.725916
0.322	0.724465
0.324	0.723016
0.326	0.72157
0.328	0.720126
0.33	0.718686
0.332	0.717249
0.334	0.715814
0.336	0.714383
0.338	0.712954
0.34	0.711528
0.342	0.710105
0.344	0.708685
0.346	0.707267
0.348	0.705853
0.35	0.704441
0.352	0.703032
0.354	0.701626
0.356	0.700223
0.358	0.698823
0.36	0.697425
0.362	0.69603
0.364	0.694638
0.366	0.693249
0.368	0.691862
0.37	0.690478
0.372	0.689098
0.374	0.687719
0.376	0.686344
0.378	0.684971
0.38	0.683601
0.382	0.682234
0.384	0.68087
0.386	0.679508
0.388	0.678149
0.39	0.676793
0.392	0.675439
0.394	0.674088
0.396	0.67274
0.398	0.671394
0.4	0.670052
0.402	0.668712
0.404	0.667374
0.406	0.666039
0.408	0.664707
0.41	0.663378
0.412	0.662051
0.414	0.660727
0.416	0.659406
0.418	0.658087
0.42	0.656771
0.422	0.655457
0.424	0.654146
0.426	0.652838
0.428	0.651532
0.43	0.650229
0.432	0.648929
0.434	0.647631
0.436	0.646335
0.438	0.645043
0.44	0.643753
0.442	0.642465
0.444	0.64118
0.446	0.639898
0.448	0.638618
0.45	0.637341
0.452	0.636066
0.454	0.634794
0.456	0.633524
0.458	0.632257
0.46	0.630993
0.462	0.629731
0.464	0.628471
0.466	0.627215
0.468	0.62596
0.47	0.624708
0.472	0.623459
0.474	0.622212
0.476	0.620967
0.478	0.619726
0.48	0.618486
0.482	0.617249
0.484	0.616015
0.486	0.614783
0.488	0.613553
0.49	0.612326
0.492	0.611101
0.494	0.609879
0.496	0.608659
0.498	0.607442
0.5	0.606227
0.502	0.605015
0.504	0.603805
0.506	0.602597
0.508	0.601392
0.51	0.600189
0.512	0.598989
0.514	0.597791
0.516	0.596595
0.518	0.595402
0.52	0.594211
0.522	0.593023
0.524	0.591837
0.526	0.590653
0.528	0.589472
0.53	0.588293
0.532	0.587116
0.534	0.585942
0.536	0.58477
0.538	0.5836
0.54	0.582433
0.542	0.581268
0.544	0.580106
0.546	0.578946
0.548	0.577788
0.55	0.576632
0.552	0.575479
0.554	0.574328
0.556	0.573179
0.558	0.572033
0.56	0.570889
0.562	0.569747
0.564	0.568608
0.566	0.56747
0.568	0.566335
0.57	0.565203
0.572	0.564072
0.574	0.562944
0.576	0.561818
0.578	0.560695
0.58	0.559573
0.582	0.558454
0.584	0.557337
0.586	0.556223
0.588	0.55511
0.59	0.554
0.592	0.552892
0.594	0.551786
0.596	0.550683
0.598	0.549581
0.6	0.548482
0.602	0.547385
0.604	0.54629
0.606	0.545198
0.608	0.544107
0.61	0.543019
0.612	0.541933
0.614	0.540849
0.616	0.539767
0.618	0.538688
0.62	0.537611
0.622	0.536535
0.624	0.535462
0.626	0.534391
0.628	0.533323
0.63	0.532256
0.632	0.531191
0.634	0.530129
0.636	0.529069
0.638	0.528011
0.64	0.526955
0.642	0.525901
0.644	0.524849
0.646	0.523799
0.648	0.522752
0.65	0.521706
0.652	0.520663
0.654	0.519621
0.656	0.518582
0.658	0.517545
0.66	0.51651
0.662	0.515477
0.664	0.514446
0.666	0.513417
0.668	0.51239
0.67	0.511365
0.672	0.510343
0.674	0.509322
0.676	0.508303
0.678	0.507287
0.68	0.506272
0.682	0.50526
0.684	0.504249
0.686	0.503241
0.688	0.502234
0.69	0.50123
0.692	0.500227
0.694	0.499227
0.696	0.498228
0.698	0.497232
0.7	0.496237
0.702	0.495245
0.704	0.494254
0.706	0.493266
0.708	0.492279
0.71	0.491295
0.712	0.490312
0.714	0.489332
0.716	0.488353
0.718	0.487376
0.72	0.486401
0.722	0.485429
0.724	0.484458
0.726	0.483489
0.728	0.482522
0.73	0.481557
0.732	0.480594
0.734	0.479633
0.736	0.478673
0.738	0.477716
0.74	0.476761
0.742	0.475807
0.744	0.474855
0.746	0.473906
0.748	0.472958
0.75	0.472012
0.752	0.471068
0.754	0.470126
0.756	0.469186
0.758	0.468247
0.76	0.467311
0.762	0.466376
0.764	0.465443
0.766	0.464512
0.768	0.463583
0.77	0.462656
0.772	0.461731
0.774	0.460807
0.776	0.459886
0.778	0.458966
0.78	0.458048
0.782	0.457132
0.784	0.456218
0.786	0.455305
0.788	0.454395
0.79	0.453486
0.792	0.452579
0.794	0.451674
0.796	0.45077
0.798	0.449869
0.8	0.448969
0.802	0.448071
0.804	0.447175
0.806	0.446281
0.808	0.445388
0.81	0.444497
0.812	0.443608
0.814	0.442721
0.816	0.441836
0.818	0.440952
0.82	0.44007
0.822	0.43919
0.824	0.438312
0.826	0.437435
0.828	0.43656
0.83	0.435687
0.832	0.434816
0.834	0.433946
0.836	0.433078
0.838	0.432212
0.84	0.431348
0.842	0.430485
0.844	0.429624
0.846	0.428765
0.848	0.427907
0.85	0.427051
0.852	0.426197
0.854	0.425345
0.856	0.424494
0.858	0.423645
0.86	0.422798
0.862	0.421952
0.864	0.421108
0.866	0.420266
0.868	0.419426
0.87	0.418587
0.872	0.41775
0.874	0.416914
0.876	0.41608
0.878	0.415248
0.88	0.414418
0.882	0.413589
0.884	0.412762
0.886	0.411936
0.888	0.411112
0.89	0.41029
0.892	0.409469
0.894	0.40865
0.896	0.407833
0.898	0.407017
0.9	0.406203
0.902	0.405391
0.904	0.40458
0.906	0.403771
0.908	0.402964
0.91	0.402158
0.912	0.401353
0.914	0.400551
0.916	0.399749
0.918	0.39895
0.92	0.398152
0.922	0.397356
0.924	0.396561
0.926	0.395768
0.928	0.394976
0.93	0.394186
0.932	0.393398
0.934	0.392611
0.936	0.391826
0.938	0.391042
0.94	0.39026
0.942	0.38948
0.944	0.388701
0.946	0.387923
0.948	0.387148
0.95	0.386373
0.952	0.385601
0.954	0.384829
0.956	0.38406
0.958	0.383292
0.96	0.382525
0.962	0.38176
0.964	0.380996
0.966	0.380234
0.968	0.379474
0.97	0.378715
0.972	0.377958
0.974	0.377202
0.976	0.376447
0.978	0.375694
0.98	0.374943
0.982	0.374193
0.984	0.373445
0.986	0.372698
0.988	0.371952
0.99	0.371209
0.992	0.370466
0.994	0.369725
0.996	0.368986
0.998	0.368248
1	0.367511
1.002	0.366776
1.004	0.366043
1.006	0.365311
1.008	0.36458
1.01	0.363851
1.012	0.363123
1.014	0.362397
1.016	0.361672
1.018	0.360949
1.02	0.360227
1.022	0.359506
1.024	0.358787
1.026	0.35807
1.028	0.357354
1.03	0.356639
1.032	0.355926
1.034	0.355214
1.036	0.354503
1.038	0.353794
1.04	0.353087
1.042	0.352381
1.044	0.351676
1.046	0.350973
1.048	0.350271
1.05	0.34957
1.052	0.348871
1.054	0.348173
1.056	0.347477
1.058	0.346782
1.06	0.346088
1.062	0.345396
1.064	0.344705
1.066	0.344016
1.068	0.343328
1.07	0.342641
1.072	0.341956
1.074	0.341272
1.076	0.340589
1.078	0.339908
1.08	0.339228
1.082	0.33855
1.084	0.337873
1.086	0.337197
1.088	0.336523
1.09	0.33585
1.092	0.335178
1.094	0.334508
1.096	0.333839
1.098	0.333171
1.1	0.332505
1.102	0.33184
1.104	0.331176
1.106	0.330514
1.108	0.329853
1.11	0.329193
1.112	0.328534
1.114	0.327877
1.116	0.327222
1.118	0.326567
1.12	0.325914
1.122	0.325262
1.124	0.324612
1.126	0.323963
1.128	0.323315
1.13	0.322668
1.132	0.322023
1.134	0.321379
1.136	0.320736
1.138	0.320094
1.14	0.319454
1.142	0.318815
1.144	0.318178
1.146	0.317541
1.148	0.316906
1.15	0.316272
1.152	0.31564
1.154	0.315009
1.156	0.314379
1.158	0.31375
1.16	0.313122
1.162	0.312496
1.164	0.311871
1.166	0.311247
1.168	0.310625
1.17	0.310004
1.172	0.309384
1.174	0.308765
1.176	0.308147
1.178	0.307531
1.18	0.306916
1.182	0.306302
1.184	0.305689
1.186	0.305078
1.188	0.304468
1.19	0.303859
1.192	0.303251
1.194	0.302645
1.196	0.302039
1.198	0.301435
1.2	0.300833
1.202	0.300231
1.204	0.29963
1.206	0.299031
1.208	0.298433
1.21	0.297836
1.212	0.297241
1.214	0.296646
1.216	0.296053
1.218	0.295461
1.22	0.29487
1.222	0.29428
1.224	0.293691
1.226	0.293104
1.228	0.292518
1.23	0.291933
1.232	0.291349
1.234	0.290766
1.236	0.290185
1.238	0.289604
1.24	0.289025
1.242	0.288447
1.244	0.28787
1.246	0.287294
1.248	0.28672
1.25	0.286146
1.252	0.285574
1.254	0.285003
1.256	0.284433
1.258	0.283864
1.26	0.283296
1.262	0.28273
1.264	0.282164
1.266	0.2816
1.268	0.281037
1.27	0.280475
1.272	0.279914
1.274	0.279354
1.276	0.278795
1.278	0.278238
1.28	0.277681
1.282	0.277126
1.284	0.276572
1.286	0.276018
1.288	0.275466
1.29	0.274915
1.292	0.274366
1.294	0.273817
1.296	0.273269
1.298	0.272723
1.3	0.272177
1.302	0.271633
1.304	0.27109
1.306	0.270547
1.308	0.270006
1.31	0.269466
1.312	0.268927
1.314	0.26839
1.316	0.267853
1.318	0.267317
1.32	0.266782
1.322	0.266249
1.324	0.265716
1.326	0.265185
1.328	0.264655
1.33	0.264125
1.332	0.263597
1.334	0.26307
1.336	0.262544
1.338	0.262019
1.34	0.261495
1.342	0.260972
1.344	0.26045
1.346	0.259929
1.348	0.259409
1.35	0.25889
1.352	0.258372
1.354	0.257856
1.356	0.25734
1.358	0.256825
1.36	0.256311
1.362	0.255799
1.364	0.255287
1.366	0.254777
1.368	0.254267
1.37	0.253759
1.372	0.253251
1.374	0.252745
1.376	0.252239
1.378	0.251735
1.38	0.251231
1.382	0.250729
1.384	0.250227
1.386	0.249727
1.388	0.249227
1.39	0.248729
1.392	0.248231
1.394	0.247735
1.396	0.247239
1.398	0.246745
1.4	0.246252
1.402	0.245759
1.404	0.245267
1.406	0.244777
1.408	0.244287
1.41	0.243799
1.412	0.243311
1.414	0.242825
1.416	0.242339
1.418	0.241854
1.42	0.241371
1.422	0.240888
1.424	0.240406
1.426	0.239925
1.428	0.239445
1.43	0.238966
1.432	0.238489
1.434	0.238012
1.436	0.237536
1.438	0.23706
1.44	0.236586
1.442	0.236113
1.444	0.235641
1.446	0.23517
1.448	0.234699
1.45	0.23423
1.452	0.233761
1.454	0.233294
1.456	0.232827
1.458	0.232362
1.46	0.231897
1.462	0.231433
1.464	0.23097
1.466	0.230508
1.468	0.230047
1.47	0.229587
1.472	0.229128
1.474	0.22867
1.476	0.228213
1.478	0.227756
1.48	0.227301
1.482	0.226846
1.484	0.226392
1.486	0.22594
1.488	0.225488
1.49	0.225037
1.492	0.224587
1.494	0.224137
1.496	0.223689
1.498	0.223242
1.5	0.222795
1.502	0.22235
1.504	0.221905
1.506	0.221461
1.508	0.221018
1.51	0.220576
1.512	0.220135
1.514	0.219695
1.516	0.219255
1.518	0.218817
1.52	0.218379
1.522	0.217942
1.524	0.217507
1.526	0.217072
1.528	0.216637
1.53	0.216204
1.532	0.215772
1.534	0.21534
1.536	0.21491
1.538	0.21448
1.54	0.214051
1.542	0.213623
1.544	0.213195
1.546	0.212769
1.548	0.212343
1.55	0.211919
1.552	0.211495
1.554	0.211072
1.556	0.21065
1.558	0.210229
1.56	0.209808
1.562	0.209388
1.564	0.20897
1.566	0.208552
1.568	0.208135
1.57	0.207718
1.572	0.207303
1.574	0.206888
1.576	0.206475
1.578	0.206062
1.58	0.205649
1.582	0.205238
1.584	0.204828
1.586	0.204418
1.588	0.204009
1.59	0.203601
1.592	0.203194
1.594	0.202788
1.596	0.202382
1.598	0.201977
1.6	0.201573
1.602	0.20117
1.604	0.200768
1.606	0.200366
1.608	0.199966
1.61	0.199566
1.612	0.199166
1.614	0.198768
1.616	0.198371
1.618	0.197974
1.62	0.197578
1.622	0.197183
1.624	0.196788
1.626	0.196395
1.628	0.196002
1.63	0.19561
1.632	0.195219
1.634	0.194828
1.636	0.194439
1.638	0.19405
1.64	0.193662
1.642	0.193274
1.644	0.192888
1.646	0.192502
1.648	0.192117
1.65	0.191733
1.652	0.191349
1.654	0.190967
1.656	0.190585
1.658	0.190204
1.66	0.189823
1.662	0.189444
1.664	0.189065
1.666	0.188687
1.668	0.188309
1.67	0.187933
1.672	0.187557
1.674	0.187182
1.676	0.186807
1.678	0.186434
1.68	0.186061
1.682	0.185689
1.684	0.185317
1.686	0.184947
1.688	0.184577
1.69	0.184208
1.692	0.183839
1.694	0.183471
1.696	0.183104
1.698	0.182738
1.7	0.182373
1.702	0.182008
1.704	0.181644
1.706	0.181281
1.708	0.180918
1.71	0.180556
1.712	0.180195
1.714	0.179835
1.716	0.179475
1.718	0.179116
1.72	0.178758
1.722	0.1784
1.724	0.178044
1.726	0.177688
1.728	0.177332
1.73	0.176978
1.732	0.176624
1.734	0.17627
1.736	0.175918
1.738	0.175566
1.74	0.175215
1.742	0.174864
1.744	0.174515
1.746	0.174166
1.748	0.173817
1.75	0.17347
1.752	0.173123
1.754	0.172777
1.756	0.172431
1.758	0.172086
1.76	0.171742
1.762	0.171398
1.764	0.171056
1.766	0.170714
1.768	0.170372
1.77	0.170031
1.772	0.169691
1.774	0.169352
1.776	0.169013
1.778	0.168675
1.78	0.168338
1.782	0.168001
1.784	0.167665
1.786	0.16733
1.788	0.166995
1.79	0.166661
1.792	0.166328
1.794	0.165995
1.796	0.165663
1.798	0.165332
1.8	0.165001
1.802	0.164671
1.804	0.164342
1.806	0.164013
1.808	0.163685
1.81	0.163358
1.812	0.163031
1.814	0.162705
1.816	0.16238
1.818	0.162055
1.82	0.161731
1.822	0.161407
1.824	0.161084
1.826	0.160762
1.828	0.160441
1.83	0.16012
1.832	0.1598
1.834	0.15948
1.836	0.159161
1.838	0.158843
1.84	0.158525
1.842	0.158208
1.844	0.157892
1.846	0.157576
1.848	0.157261
1.85	0.156946
1.852	0.156632
1.854	0.156319
1.856	0.156006
1.858	0.155694
1.86	0.155383
1.862	0.155072
1.864	0.154762
1.866	0.154453
1.868	0.154144
1.87	0.153835
1.872	0.153528
1.874	0.153221
1.876	0.152914
1.878	0.152608
1.88	0.152303
1.882	0.151999
1.884	0.151695
1.886	0.151391
1.888	0.151088
1.89	0.150786
1.892	0.150485
1.894	0.150184
1.896	0.149883
1.898	0.149583
1.9	0.149284
1.902	0.148986
1.904	0.148688
1.906	0.14839
1.908	0.148094
1.91	0.147797
1.912	0.147502
1.914	0.147207
1.916	0.146912
1.918	0.146619
1.92	0.146325
1.922	0.146033
1.924	0.145741
1.926	0.145449
1.928	0.145158
1.93	0.144868
1.932	0.144578
1.934	0.144289
1.936	0.144
1.938	0.143712
1.94	0.143425
1.942	0.143138
1.944	0.142852
1.946	0.142566
1.948	0.142281
1.95	0.141997
1.952	0.141713
1.954	0.141429
1.956	0.141146
1.958	0.140864
1.96	0.140582
1.962	0.140301
1.964	0.14002
1.966	0.13974
1.968	0.139461
1.97	0.139182
1.972	0.138904
1.974	0.138626
1.976	0.138349
1.978	0.138072
1.98	0.137796
1.982	0.13752
1.984	0.137245
1.986	0.136971
1.988	0.136697
1.99	0.136423
1.992	0.13615
1.994	0.135878
1.996	0.135606
1.998	0.135335
2	0.135065
2.002	0.134794
2.004	0.134525
2.006	0.134256
2.008	0.133987
2.01	0.133719
2.012	0.133452
2.014	0.133185
2.016	0.132919
2.018	0.132653
2.02	0.132387
2.022	0.132123
2.024	0.131858
2.026	0.131595
2.028	0.131331
2.03	0.131069
2.032	0.130807
2.034	0.130545
2.036	0.130284
2.038	0.130023
2.04	0.129763
2.042	0.129504
2.044	0.129245
2.046	0.128986
2.048	0.128728
2.05	0.128471
2.052	0.128214
2.054	0.127958
2.056	0.127702
2.058	0.127446
2.06	0.127191
2.062	0.126937
2.064	0.126683
2.066	0.12643
2.068	0.126177
2.07	0.125924
2.072	0.125673
2.074	0.125421
2.076	0.12517
2.078	0.12492
2.08	0.12467
2.082	0.124421
2.084	0.124172
2.086	0.123924
2.088	0.123676
2.09	0.123429
2.092	0.123182
2.094	0.122935
2.096	0.122689
2.098	0.122444
2.1	0.122199
2.102	0.121955
2.104	0.121711
2.106	0.121467
2.108	0.121225
2.11	0.120982
2.112	0.12074
2.114	0.120499
2.116	0.120258
2.118	0.120017
2.12	0.119777
2.122	0.119538
2.124	0.119298
2.126	0.11906
2.128	0.118822
2.13	0.118584
2.132	0.118347
2.134	0.11811
2.136	0.117874
2.138	0.117638
2.14	0.117403
2.142	0.117168
2.144	0.116934
2.146	0.1167
2.148	0.116467
2.15	0.116234
2.152	0.116001
2.154	0.115769
2.156	0.115538
2.158	0.115307
2.16	0.115076
2.162	0.114846
2.164	0.114616
2.166	0.114387
2.168	0.114158
2.17	0.11393
2.172	0.113702
2.174	0.113475
2.176	0.113248
2.178	0.113021
2.18	0.112795
2.182	0.112569
2.184	0.112344
2.186	0.11212
2.188	0.111895
2.19	0.111672
2.192	0.111448
2.194	0.111225
2.196	0.111003
2.198	0.110781
2.2	0.110559
2.202	0.110338
2.204	0.110118
2.206	0.109897
2.208	0.109678
2.21	0.109458
2.212	0.109239
2.214	0.109021
2.216	0.108803
2.218	0.108585
2.22	0.108368
2.222	0.108151
2.224	0.107935
2.226	0.107719
2.228	0.107504
2.23	0.107289
2.232	0.107074
2.234	0.10686
2.236	0.106646
2.238	0.106433
2.24	0.10622
2.242	0.106008
2.244	0.105796
2.246	0.105584
2.248	0.105373
2.25	0.105162
2.252	0.104952
2.254	0.104742
2.256	0.104532
2.258	0.104323
2.26	0.104115
2.262	0.103906
2.264	0.103699
2.266	0.103491
2.268	0.103284
2.27	0.103078
2.272	0.102871
2.274	0.102666
2.276	0.10246
2.278	0.102255
2.28	0.102051
2.282	0.101847
2.284	0.101643
2.286	0.10144
2.288	0.101237
2.29	0.101035
2.292	0.100832
2.294	0.100631
2.296	0.10043
2.298	0.100229
2.3	0.100028
2.302	0.0998281
2.304	0.0996285
2.306	0.0994292
2.308	0.0992304
2.31	0.0990319
2.312	0.0988339
2.314	0.0986362
2.316	0.0984389
2.318	0.098242
2.32	0.0980456
2.322	0.0978495
2.324	0.0976538
2.326	0.0974585
2.328	0.0972635
2.33	0.097069
2.332	0.0968749
2.334	0.0966811
2.336	0.0964878
2.338	0.0962948
2.34	0.0961022
2.342	0.09591
2.344	0.0957182
2.346	0.0955267
2.348	0.0953357
2.35	0.095145
2.352	0.0949547
2.354	0.0947648
2.356	0.0945753
2.358	0.0943861
2.36	0.0941974
2.362	0.094009
2.364	0.0938209
2.366	0.0936333
2.368	0.093446
2.37	0.0932591
2.372	0.0930726
2.374	0.0928865
2.376	0.0927007
2.378	0.0925153
2.38	0.0923303
2.382	0.0921456
2.384	0.0919613
2.386	0.0917774
2.388	0.0915938
2.39	0.0914107
2.392	0.0912278
2.394	0.0910454
2.396	0.0908633
2.398	0.0906816
2.4	0.0905002
2.402	0.0903192
2.404	0.0901386
2.406	0.0899583
2.408	0.0897784
2.41	0.0895988
2.412	0.0894196
2.414	0.0892408
2.416	0.0890623
2.418	0.0888842
2.42	0.0887064
2.422	0.088529
2.424	0.0883519
2.426	0.0881752
2.428	0.0879989
2.43	0.0878229
2.432	0.0876472
2.434	0.0874719
2.436	0.087297
2.438	0.0871224
2.44	0.0869482
2.442	0.0867743
2.444	0.0866007
2.446	0.0864275
2.448	0.0862547
2.45	0.0860821
2.452	0.08591
2.454	0.0857382
2.456	0.0855667
2.458	0.0853956
2.46	0.0852248
2.462	0.0850543
2.464	0.0848842
2.466	0.0847144
2.468	0.084545
2.47	0.0843759
2.472	0.0842072
2.474	0.0840387
2.476	0.0838707
2.478	0.0837029
2.48	0.0835355
2.482	0.0833685
2.484	0.0832017
2.486	0.0830353
2.488	0.0828692
2.49	0.0827035
2.492	0.0825381
2.494	0.082373
2.496	0.0822083
2.498	0.0820439
2.5	0.0818798
2.502	0.081716
2.504	0.0815526
2.506	0.0813895
2.508	0.0812267
2.51	0.0810642
2.512	0.0809021
2.514	0.0807403
2.516	0.0805788
2.518	0.0804177
2.52	0.0802568
2.522	0.0800963
2.524	0.0799361
2.526	0.0797763
2.528	0.0796167
2.53	0.0794575
2.532	0.0792986
2.534	0.07914
2.536	0.0789817
2.538	0.0788237
2.54	0.0786661
2.542	0.0785087
2.544	0.0783517
2.546	0.078195
2.548	0.0780386
2.55	0.0778825
2.552	0.0777268
2.554	0.0775713
2.556	0.0774162
2.558	0.0772614
2.56	0.0771068
2.562	0.0769526
2.564	0.0767987
2.566	0.0766451
2.568	0.0764918
2.57	0.0763388
2.572	0.0761862
2.574	0.0760338
2.576	0.0758817
2.578	0.07573
2.58	0.0755785
2.582	0.0754273
2.584	0.0752765
2.586	0.0751259
2.588	0.0749757
2.59	0.0748257
2.592	0.0746761
2.594	0.0745267
2.596	0.0743777
2.598	0.0742289
2.6	0.0740805
2.602	0.0739323
2.604	0.0737844
2.606	0.0736369
2.608	0.0734896
2.61	0.0733426
2.612	0.0731959
2.614	0.0730495
2.616	0.0729034
2.618	0.0727576
2.62	0.0726121
2.622	0.0724669
2.624	0.072322
2.626	0.0721773
2.628	0.072033
2.63	0.0718889
2.632	0.0717451
2.634	0.0716016
2.636	0.0714584
2.638	0.0713155
2.64	0.0711729
2.642	0.0710305
2.644	0.0708885
2.646	0.0707467
2.648	0.0706052
2.65	0.070464
2.652	0.0703231
2.654	0.0701824
2.656	0.070042
2.658	0.069902
2.66	0.0697622
2.662	0.0696226
2.664	0.0694834
2.666	0.0693444
2.668	0.0692057
2.67	0.0690673
2.672	0.0689292
2.674	0.0687913
2.676	0.0686537
2.678	0.0685164
2.68	0.0683794
2.682	0.0682426
2.684	0.0681062
2.686	0.0679699
2.688	0.067834
2.69	0.0676983
2.692	0.0675629
2.694	0.0674278
2.696	0.067293
2.698	0.0671584
2.7	0.0670241
2.702	0.06689
2.704	0.0667562
2.706	0.0666227
2.708	0.0664895
2.71	0.0663565
2.712	0.0662238
2.714	0.0660913
2.716	0.0659592
2.718	0.0658272
2.72	0.0656956
2.722	0.0655642
2.724	0.0654331
2.726	0.0653022
2.728	0.0651716
2.73	0.0650412
2.732	0.0649112
2.734	0.0647813
2.736	0.0646518
2.738	0.0645225
2.74	0.0643934
2.742	0.0642646
2.744	0.0641361
2.746	0.0640078
2.748	0.0638798
2.75	0.0637521
2.752	0.0636246
2.754	0.0634973
2.756	0.0633703
2.758	0.0632436
2.76	0.0631171
2.762	0.0629909
2.764	0.0628649
2.766	0.0627391
2.768	0.0626137
2.77	0.0624884
2.772	0.0623635
2.774	0.0622387
2.776	0.0621143
2.778	0.06199
2.78	0.0618661
2.782	0.0617423
2.784	0.0616188
2.786	0.0614956
2.788	0.0613726
2.79	0.0612499
2.792	0.0611274
2.794	0.0610051
2.796	0.0608831
2.798	0.0607613
2.8	0.0606398
2.802	0.0605185
2.804	0.0603975
2.806	0.0602767
2.808	0.0601561
2.81	0.0600358
2.812	0.0599158
2.814	0.0597959
2.816	0.0596763
2.818	0.059557
2.82	0.0594379
2.822	0.059319
2.824	0.0592004
2.826	0.059082
2.828	0.0589638
2.83	0.0588459
2.832	0.0587282
2.834	0.0586107
2.836	0.0584935
2.838	0.0583765
2.84	0.0582598
2.842	0.0581432
2.844	0.0580269
2.846	0.0579109
2.848	0.0577951
2.85	0.0576795
2.852	0.0575641
2.854	0.057449
2.856	0.0573341
2.858	0.0572194
2.86	0.057105
2.862	0.0569908
2.864	0.0568768
2.866	0.056763
2.868	0.0566495
2.87	0.0565362
2.872	0.0564231
2.874	0.0563103
2.876	0.0561977
2.878	0.0560853
2.88	0.0559731
2.882	0.0558612
2.884	0.0557494
2.886	0.0556379
2.888	0.0555267
2.89	0.0554156
2.892	0.0553048
2.894	0.0551942
2.896	0.0550838
2.898	0.0549736
2.9	0.0548637
2.902	0.0547539
2.904	0.0546444
2.906	0.0545351
2.908	0.0544261
2.91	0.0543172
2.912	0.0542086
2.914	0.0541002
2.916	0.053992
2.918	0.053884
2.92	0.0537762
2.922	0.0536687
2.924	0.0535613
2.926	0.0534542
2.928	0.0533473
2.93	0.0532406
2.932	0.0531341
2.934	0.0530279
2.936	0.0529218
2.938	0.052816
2.94	0.0527103
2.942	0.0526049
2.944	0.0524997
2.946	0.0523947
2.948	0.0522899
2.95	0.0521853
2.952	0.052081
2.954	0.0519768
2.956	0.0518728
2.958	0.0517691
2.96	0.0516656
2.962	0.0515622
2.964	0.0514591
2.966	0.0513562
2.968	0.0512535
2.97	0.051151
2.972	0.0510487
2.974	0.0509466
2.976	0.0508447
2.978	0.050743
2.98	0.0506415
2.982	0.0505402
2.984	0.0504391
2.986	0.0503383
2.988	0.0502376
2.99	0.0501371
2.992	0.0500368
2.994	0.0499368
2.996	0.0498369
2.998	0.0497372
3	0.0496377
3.002	0.0495385
3.004	0.0494394
3.006	0.0493405
3.008	0.0492418
3.01	0.0491433
3.012	0.049045
3.014	0.048947
3.016	0.0488491
3.018	0.0487514
3.02	0.0486539
3.022	0.0485566
3.024	0.0484594
3.026	0.0483625
3.028	0.0482658
3.03	0.0481693
3.032	0.0480729
3.034	0.0479768
3.036	0.0478808
3.038	0.0477851
3.04	0.0476895
3.042	0.0475941
3.044	0.0474989
3.046	0.0474039
3.048	0.0473091
3.05	0.0472145
3.052	0.0471201
3.054	0.0470258
3.056	0.0469318
3.058	0.0468379
3.06	0.0467442
3.062	0.0466508
3.064	0.0465575
3.066	0.0464643
3.068	0.0463714
3.07	0.0462787
3.072	0.0461861
3.074	0.0460937
3.076	0.0460016
3.078	0.0459096
3.08	0.0458177
3.082	0.0457261
3.084	0.0456346
3.086	0.0455434
3.088	0.0454523
3.09	0.0453614
3.092	0.0452707
3.094	0.0451801
3.096	0.0450898
3.098	0.0449996
3.1	0.0449096
3.102	0.0448198
3.104	0.0447301
3.106	0.0446407
3.108	0.0445514
3.11	0.0444623
3.112	0.0443734
3.114	0.0442846
3.116	0.044196
3.118	0.0441076
3.12	0.0440194
3.122	0.0439314
3.124	0.0438435
3.126	0.0437558
3.128	0.0436683
3.13	0.043581
3.132	0.0434938
3.134	0.0434068
3.136	0.04332
3.138	0.0432334
3.14	0.0431469
3.142	0.0430606
3.144	0.0429745
3.146	0.0428886
3.148	0.0428028
3.15	0.0427172
3.152	0.0426317
3.154	0.0425465
3.156	0.0424614
3.158	0.0423765
3.16	0.0422917
3.162	0.0422071
3.164	0.0421227
3.166	0.0420385
3.168	0.0419544
3.17	0.0418705
3.172	0.0417867
3.174	0.0417032
3.176	0.0416198
3.178	0.0415365
3.18	0.0414534
3.182	0.0413705
3.184	0.0412878
3.186	0.0412052
3.188	0.0411228
3.19	0.0410406
3.192	0.0409585
3.194	0.0408766
3.196	0.0407948
3.198	0.0407132
3.2	0.0406318
3.202	0.0405505
3.204	0.0404694
3.206	0.0403885
3.208	0.0403077
3.21	0.0402271
3.212	0.0401466
3.214	0.0400664
3.216	0.0399862
3.218	0.0399063
3.22	0.0398264
3.222	0.0397468
3.224	0.0396673
3.226	0.039588
3.228	0.0395088
3.23	0.0394298
3.232	0.0393509
3.234	0.0392722
3.236	0.0391937
3.238	0.0391153
3.24	0.039037
3.242	0.038959
3.244	0.038881
3.246	0.0388033
3.248	0.0387257
3.25	0.0386482
3.252	0.0385709
3.254	0.0384938
3.256	0.0384168
3.258	0.03834
3.26	0.0382633
3.262	0.0381868
3.264	0.0381104
3.266	0.0380342
3.268	0.0379581
3.27	0.0378822
3.272	0.0378064
3.274	0.0377308
3.276	0.0376553
3.278	0.03758
3.28	0.0375049
3.282	0.0374299
3.284	0.037355
3.286	0.0372803
3.288	0.0372057
3.29	0.0371313
3.292	0.0370571
3.294	0.0369829
3.296	0.036909
3.298	0.0368352
3.3	0.0367615
3.302	0.036688
3.304	0.0366146
3.306	0.0365414
3.308	0.0364683
3.31	0.0363953
3.312	0.0363226
3.314	0.0362499
3.316	0.0361774
3.318	0.0361051
3.32	0.0360328
3.322	0.0359608
3.324	0.0358889
3.326	0.0358171
3.328	0.0357454
3.33	0.035674
3.332	0.0356026
3.334	0.0355314
3.336	0.0354603
3.338	0.0353894
3.34	0.0353186
3.342	0.035248
3.344	0.0351775
3.346	0.0351071
3.348	0.0350369
3.35	0.0349669
3.352	0.0348969
3.354	0.0348271
3.356	0.0347575
3.358	0.034688
3.36	0.0346186
3.362	0.0345494
3.364	0.0344803
3.366	0.0344113
3.368	0.0343425
3.37	0.0342738
3.372	0.0342052
3.374	0.0341368
3.376	0.0340686
3.378	0.0340004
3.38	0.0339324
3.382	0.0338646
3.384	0.0337968
3.386	0.0337292
3.388	0.0336618
3.39	0.0335944
3.392	0.0335273
3.394	0.0334602
3.396	0.0333933
3.398	0.0333265
3.4	0.0332598
3.402	0.0331933
3.404	0.0331269
3.406	0.0330607
3.408	0.0329946
3.41	0.0329286
3.412	0.0328627
3.414	0.032797
3.416	0.0327314
3.418	0.0326659
3.42	0.0326006
3.422	0.0325354
3.424	0.0324703
3.426	0.0324054
3.428	0.0323406
3.43	0.0322759
3.432	0.0322113
3.434	0.0321469
3.436	0.0320826
3.438	0.0320185
3.44	0.0319544
3.442	0.0318905
3.444	0.0318267
3.446	0.0317631
3.448	0.0316996
3.45	0.0316362
3.452	0.0315729
3.454	0.0315097
3.456	0.0314467
3.458	0.0313838
3.46	0.0313211
3.462	0.0312584
3.464	0.0311959
3.466	0.0311335
3.468	0.0310712
3.47	0.0310091
3.472	0.0309471
3.474	0.0308852
3.476	0.0308234
3.478	0.0307618
3.48	0.0307002
3.482	0.0306388
3.484	0.0305776
3.486	0.0305164
3.488	0.0304554
3.49	0.0303945
3.492	0.0303337
3.494	0.030273
3.496	0.0302125
3.498	0.030152
3.5	0.0300917
3.502	0.0300316
3.504	0.0299715
3.506	0.0299115
3.508	0.0298517
3.51	0.029792
3.512	0.0297324
3.514	0.029673
3.516	0.0296136
3.518	0.0295544
3.52	0.0294953
3.522	0.0294363
3.524	0.0293774
3.526	0.0293187
3.528	0.02926
3.53	0.0292015
3.532	0.0291431
3.534	0.0290848
3.536	0.0290267
3.538	0.0289686
3.54	0.0289107
3.542	0.0288528
3.544	0.0287951
3.546	0.0287375
3.548	0.0286801
3.55	0.0286227
3.552	0.0285655
3.554	0.0285083
3.556	0.0284513
3.558	0.0283944
3.56	0.0283376
3.562	0.028281
3.564	0.0282244
3.566	0.0281679
3.568	0.0281116
3.57	0.0280554
3.572	0.0279993
3.574	0.0279433
3.576	0.0278874
3.578	0.0278316
3.58	0.0277759
3.582	0.0277204
3.584	0.027665
3.586	0.0276096
3.588	0.0275544
3.59	0.0274993
3.592	0.0274443
3.594	0.0273894
3.596	0.0273346
3.598	0.02728
3.6	0.0272254
3.602	0.027171
3.604	0.0271166
3.606	0.0270624
3.608	0.0270083
3.61	0.0269542
3.612	0.0269003
3.614	0.0268465
3.616	0.0267928
3.618	0.0267392
3.62	0.0266858
3.622	0.0266324
3.624	0.0265791
3.626	0.026526
3.628	0.0264729
3.63	0.02642
3.632	0.0263671
3.634	0.0263144
3.636	0.0262618
3.638	0.0262093
3.64	0.0261568
3.642	0.0261045
3.644	0.0260523
3.646	0.0260002
3.648	0.0259482
3.65	0.0258963
3.652	0.0258445
3.654	0.0257928
3.656	0.0257412
3.658	0.0256898
3.66	0.0256384
3.662	0.0255871
3.664	0.0255359
3.666	0.0254849
3.668	0.0254339
3.67	0.025383
3.672	0.0253323
3.674	0.0252816
3.676	0.025231
3.678	0.0251806
3.68	0.0251302
3.682	0.0250799
3.684	0.0250298
3.686	0.0249797
3.688	0.0249298
3.69	0.0248799
3.692	0.0248301
3.694	0.0247805
3.696	0.0247309
3.698	0.0246815
3.7	0.0246321
3.702	0.0245828
3.704	0.0245337
3.706	0.0244846
3.708	0.0244356
3.71	0.0243868
3.712	0.024338
3.714	0.0242893
3.716	0.0242407
3.718	0.0241922
3.72	0.0241439
3.722	0.0240956
3.724	0.0240474
3.726	0.0239993
3.728	0.0239513
3.73	0.0239034
3.732	0.0238556
3.734	0.0238079
3.736	0.0237603
3.738	0.0237127
3.74	0.0236653
3.742	0.023618
3.744	0.0235707
3.746	0.0235236
3.748	0.0234766
3.75	0.0234296
3.752	0.0233827
3.754	0.023336
3.756	0.0232893
3.758	0.0232427
3.76	0.0231962
3.762	0.0231498
3.764	0.0231035
3.766	0.0230573
3.768	0.0230112
3.77	0.0229652
3.772	0.0229193
3.774	0.0228734
3.776	0.0228277
3.778	0.022782
3.78	0.0227365
3.782	0.022691
3.784	0.0226456
3.786	0.0226003
3.788	0.0225551
3.79	0.02251
3.792	0.022465
3.794	0.0224201
3.796	0.0223752
3.798	0.0223305
3.8	0.0222858
3.802	0.0222412
3.804	0.0221968
3.806	0.0221524
3.808	0.0221081
3.81	0.0220638
3.812	0.0220197
3.814	0.0219757
3.816	0.0219317
3.818	0.0218879
3.82	0.0218441
3.822	0.0218004
3.824	0.0217568
3.826	0.0217133
3.828	0.0216699
3.83	0.0216265
3.832	0.0215833
3.834	0.0215401
3.836	0.021497
3.838	0.021454
3.84	0.0214111
3.842	0.0213683
3.844	0.0213256
3.846	0.0212829
3.848	0.0212403
3.85	0.0211979
3.852	0.0211555
3.854	0.0211132
3.856	0.0210709
3.858	0.0210288
3.86	0.0209867
3.862	0.0209448
3.864	0.0209029
3.866	0.0208611
3.868	0.0208193
3.87	0.0207777
3.872	0.0207361
3.874	0.0206947
3.876	0.0206533
3.878	0.020612
3.88	0.0205707
3.882	0.0205296
3.884	0.0204885
3.886	0.0204476
3.888	0.0204067
3.89	0.0203659
3.892	0.0203251
3.894	0.0202845
3.896	0.0202439
3.898	0.0202034
3.9	0.020163
3.902	0.0201227
3.904	0.0200824
3.906	0.0200423
3.908	0.0200022
3.91	0.0199622
3.912	0.0199223
3.914	0.0198824
3.916	0.0198427
3.918	0.019803
3.92	0.0197634
3.922	0.0197238
3.924	0.0196844
3.926	0.019645
3.928	0.0196057
3.93	0.0195665
3.932	0.0195274
3.934	0.0194883
3.936	0.0194494
3.938	0.0194105
3.94	0.0193716
3.942	0.0193329
3.944	0.0192942
3.946	0.0192556
3.948	0.0192171
3.95	0.0191787
3.952	0.0191403
3.954	0.0191021
3.956	0.0190639
3.958	0.0190257
3.96	0.0189877
3.962	0.0189497
3.964	0.0189118
3.966	0.018874
3.968	0.0188362
3.97	0.0187986
3.972	0.018761
3.974	0.0187234
3.976	0.018686
3.978	0.0186486
3.98	0.0186113
3.982	0.0185741
3.984	0.0185369
3.986	0.0184999
3.988	0.0184629
3.99	0.0184259
3.992	0.0183891
3.994	0.0183523
3.996	0.0183156
3.998	0.018279
4	0.0182424
4.002	0.0182059
4.004	0.0181695
4.006	0.0181332
4.008	0.0180969
4.01	0.0180607
4.012	0.0180246
4.014	0.0179886
4.016	0.0179526
4.018	0.0179167
4.02	0.0178808
4.022	0.0178451
4.024	0.0178094
4.026	0.0177738
4.028	0.0177382
4.03	0.0177027
4.032	0.0176673
4.034	0.017632
4.036	0.0175967
4.038	0.0175616
4.04	0.0175264
4.042	0.0174914
4.044	0.0174564
4.046	0.0174215
4.048	0.0173866
4.05	0.0173519
4.052	0.0173172
4.054	0.0172825
4.056	0.017248
4.058	0.0172135
4.06	0.017179
4.062	0.0171447
4.064	0.0171104
4.066	0.0170762
4.068	0.017042
4.07	0.0170079
4.072	0.0169739
4.074	0.01694
4.076	0.0169061
4.078	0.0168723
4.08	0.0168385
4.082	0.0168049
4.084	0.0167712
4.086	0.0167377
4.088	0.0167042
4.09	0.0166708
4.092	0.0166375
4.094	0.0166042
4.096	0.016571
