0.001	0.999
0.002	0.998001
0.003	0.997003
0.004	0.996006
0.005	0.99501
0.006	0.994015
0.007	0.993021
0.008	0.992028
0.009	0.991036
0.01	0.990045
0.011	0.989055
0.012	0.988066
0.013	0.987078
0.014	0.986091
0.015	0.985105
0.016	0.984119
0.017	0.983135
0.018	0.982152
0.019	0.98117
0.02	0.980189
0.021	0.979209
0.022	0.978229
0.023	0.977251
0.024	0.976274
0.025	0.975298
0.026	0.974322
0.027	0.973348
0.028	0.972375
0.029	0.971402
0.03	0.970431
0.031	0.969461
0.032	0.968491
0.033	0.967523
0.034	0.966555
0.035	0.965589
0.036	0.964623
0.037	0.963658
0.038	0.962695
0.039	0.961732
0.04	0.96077
0.041	0.959809
0.042	0.95885
0.043	0.957891
0.044	0.956933
0.045	0.955976
0.046	0.95502
0.047	0.954065
0.048	0.953111
0.049	0.952158
0.05	0.951206
0.051	0.950254
0.052	0.949304
0.053	0.948355
0.054	0.947407
0.055	0.946459
0.056	0.945513
0.057	0.944567
0.058	0.943623
0.059	0.942679
0.06	0.941736
0.061	0.940795
0.062	0.939854
0.063	0.938914
0.064	0.937975
0.065	0.937037
0.066	0.9361
0.067	0.935164
0.068	0.934229
0.069	0.933294
0.07	0.932361
0.071	0.931429
0.072	0.930497
0.073	0.929567
0.074	0.928637
0.075	0.927709
0.076	0.926781
0.077	0.925854
0.078	0.924928
0.079	0.924003
0.08	0.923079
0.081	0.922156
0.082	0.921234
0.083	0.920313
0.084	0.919393
0.085	0.918473
0.086	0.917555
0.087	0.916637
0.088	0.915721
0.089	0.914805
0.09	0.91389
0.091	0.912976
0.092	0.912063
0.093	0.911151
0.094	0.91024
0.095	0.90933
0.096	0.90842
0.097	0.907512
0.098	0.906604
0.099	0.905698
0.1	0.904792
0.101	0.903887
0.102	0.902983
0.103	0.90208
0.104	0.901178
0.105	0.900277
0.106	0.899377
0.107	0.898478
0.108	0.897579
0.109	0.896682
0.11	0.895785
0.111	0.894889
0.112	0.893994
0.113	0.8931
0.114	0.892207
0.115	0.891315
0.116	0.890424
0.117	0.889533
0.118	0.888644
0.119	0.887755
0.12	0.886867
0.121	0.88598
0.122	0.885094
0.123	0.884209
0.124	0.883325
0.125	0.882442
0.126	0.881559
0.127	0.880678
0.128	0.879797
0.129	0.878917
0.13	0.878038
0.131	0.87716
0.132	0.876283
0.133	0.875407
0.134	0.874531
0.135	0.873657
0.136	0.872783
0.137	0.87191
0.138	0.871039
0.139	0.870168
0.14	0.869297
0.141	0.868428
0.142	0.86756
0.143	0.866692
0.144	0.865825
0.145	0.86496
0.146	0.864095
0.147	0.86323
0.148	0.862367
0.149	0.861505
0.15	0.860643
0.151	0.859783
0.152	0.858923
0.153	0.858064
0.154	0.857206
0.155	0.856349
0.156	0.855492
0.157	0.854637
0.158	0.853782
0.159	0.852929
0.16	0.852076
0.161	0.851223
0.162	0.850372
0.163	0.849522
0.164	0.848672
0.165	0.847824
0.166	0.846976
0.167	0.846129
0.168	0.845283
0.169	0.844437
0.17	0.843593
0.171	0.842749
0.172	0.841907
0.173	0.841065
0.174	0.840224
0.175	0.839384
0.176	0.838544
0.177	0.837706
0.178	0.836868
0.179	0.836031
0.18	0.835195
0.181	0.83436
0.182	0.833525
0.183	0.832692
0.184	0.831859
0.185	0.831027
0.186	0.830196
0.187	0.829366
0.188	0.828537
0.189	0.827708
0.19	0.826881
0.191	0.826054
0.192	0.825228
0.193	0.824402
0.194	0.823578
0.195	0.822754
0.196	0.821932
0.197	0.82111
0.198	0.820289
0.199	0.819468
0.2	0.818649
0.201	0.81783
0.202	0.817012
0.203	0.816195
0.204	0.815379
0.205	0.814564
0.206	0.813749
0.207	0.812935
0.208	0.812123
0.209	0.81131
0.21	0.810499
0.211	0.809689
0.212	0.808879
0.213	0.80807
0.214	0.807262
0.215	0.806455
0.216	0.805648
0.217	0.804843
0.218	0.804038
0.219	0.803234
0.22	0.80243
0.221	0.801628
0.222	0.800826
0.223	0.800026
0.224	0.799226
0.225	0.798426
0.226	0.797628
0.227	0.79683
0.228	0.796033
0.229	0.795237
0.23	0.794442
0.231	0.793648
0.232	0.792854
0.233	0.792061
0.234	0.791269
0.235	0.790478
0.236	0.789687
0.237	0.788898
0.238	0.788109
0.239	0.787321
0.24	0.786533
0.241	0.785747
0.242	0.784961
0.243	0.784176
0.244	0.783392
0.245	0.782609
0.246	0.781826
0.247	0.781044
0.248	0.780263
0.249	0.779483
0.25	0.778703
0.251	0.777925
0.252	0.777147
0.253	0.77637
0.254	0.775593
0.255	0.774818
0.256	0.774043
0.257	0.773269
0.258	0.772496
0.259	0.771723
0.26	0.770951
0.261	0.77018
0.262	0.76941
0.263	0.768641
0.264	0.767872
0.265	0.767104
0.266	0.766337
0.267	0.765571
0.268	0.764805
0.269	0.76404
0.27	0.763276
0.271	0.762513
0.272	0.761751
0.273	0.760989
0.274	0.760228
0.275	0.759468
0.276	0.758708
0.277	0.757949
0.278	0.757191
0.279	0.756434
0.28	0.755678
0.281	0.754922
0.282	0.754167
0.283	0.753413
0.284	0.75266
0.285	0.751907
0.286	0.751155
0.287	0.750404
0.288	0.749654
0.289	0.748904
0.29	0.748155
0.291	0.747407
0.292	0.746659
0.293	0.745913
0.294	0.745167
0.295	0.744422
0.296	0.743677
0.297	0.742934
0.298	0.742191
0.299	0.741448
0.3	0.740707
0.301	0.739966
0.302	0.739226
0.303	0.738487
0.304	0.737749
0.305	0.737011
0.306	0.736274
0.307	0.735538
0.308	0.734802
0.309	0.734067
0.31	0.733333
0.311	0.7326
0.312	0.731867
0.313	0.731135
0.314	0.730404
0.315	0.729674
0.316	0.728944
0.317	0.728215
0.318	0.727487
0.319	0.72676
0.32	0.726033
0.321	0.725307
0.322	0.724581
0.323	0.723857
0.324	0.723133
0.325	0.72241
0.326	0.721687
0.327	0.720966
0.328	0.720245
0.329	0.719525
0.33	0.718805
0.331	0.718086
0.332	0.717368
0.333	0.716651
0.334	0.715934
0.335	0.715218
0.336	0.714503
0.337	0.713788
0.338	0.713075
0.339	0.712362
0.34	0.711649
0.341	0.710938
0.342	0.710227
0.343	0.709516
0.344	0.708807
0.345	0.708098
0.346	0.70739
0.347	0.706683
0.348	0.705976
0.349	0.70527
0.35	0.704565
0.351	0.70386
0.352	0.703156
0.353	0.702453
0.354	0.701751
0.355	0.701049
0.356	0.700348
0.357	0.699648
0.358	0.698948
0.359	0.698249
0.36	0.697551
0.361	0.696853
0.362	0.696156
0.363	0.69546
0.364	0.694765
0.365	0.69407
0.366	0.693376
0.367	0.692682
0.368	0.69199
0.369	0.691298
0.37	0.690606
0.371	0.689916
0.372	0.689226
0.373	0.688537
0.374	0.687848
0.375	0.68716
0.376	0.686473
0.377	0.685787
0.378	0.685101
0.379	0.684416
0.38	0.683731
0.381	0.683048
0.382	0.682365
0.383	0.681682
0.384	0.681001
0.385	0.68032
0.386	0.679639
0.387	0.67896
0.388	0.678281
0.389	0.677602
0.39	0.676925
0.391	0.676248
0.392	0.675572
0.393	0.674896
0.394	0.674221
0.395	0.673547
0.396	0.672873
0.397	0.6722
0.398	0.671528
0.399	0.670857
0.4	0.670186
0.401	0.669516
0.402	0.668846
0.403	0.668177
0.404	0.667509
0.405	0.666842
0.406	0.666175
0.407	0.665509
0.408	0.664843
0.409	0.664178
0.41	0.663514
0.411	0.662851
0.412	0.662188
0.413	0.661526
0.414	0.660864
0.415	0.660203
0.416	0.659543
0.417	0.658883
0.418	0.658225
0.419	0.657566
0.42	0.656909
0.421	0.656252
0.422	0.655596
0.423	0.65494
0.424	0.654285
0.425	0.653631
0.426	0.652977
0.427	0.652324
0.428	0.651672
0.429	0.65102
0.43	0.650369
0.431	0.649719
0.432	0.649069
0.433	0.64842
0.434	0.647772
0.435	0.647124
0.436	0.646477
0.437	0.64583
0.438	0.645184
0.439	0.644539
0.44	0.643895
0.441	0.643251
0.442	0.642608
0.443	0.641965
0.444	0.641323
0.445	0.640682
0.446	0.640041
0.447	0.639401
0.448	0.638761
0.449	0.638123
0.45	0.637485
0.451	0.636847
0.452	0.63621
0.453	0.635574
0.454	0.634938
0.455	0.634304
0.456	0.633669
0.457	0.633036
0.458	0.632403
0.459	0.63177
0.46	0.631138
0.461	0.630507
0.462	0.629877
0.463	0.629247
0.464	0.628618
0.465	0.627989
0.466	0.627361
0.467	0.626734
0.468	0.626107
0.469	0.625481
0.47	0.624855
0.471	0.62423
0.472	0.623606
0.473	0.622983
0.474	0.62236
0.475	0.621737
0.476	0.621116
0.477	0.620494
0.478	0.619874
0.479	0.619254
0.48	0.618635
0.481	0.618016
0.482	0.617398
0.483	0.616781
0.484	0.616164
0.485	0.615548
0.486	0.614932
0.487	0.614317
0.488	0.613703
0.489	0.613089
0.49	0.612476
0.491	0.611864
0.492	0.611252
0.493	0.610641
0.494	0.61003
0.495	0.60942
0.496	0.608811
0.497	0.608202
0.498	0.607594
0.499	0.606986
0.5	0.606379
0.501	0.605773
0.502	0.605167
0.503	0.604562
0.504	0.603957
0.505	0.603353
0.506	0.60275
0.507	0.602147
0.508	0.601545
0.509	0.600943
0.51	0.600342
0.511	0.599742
0.512	0.599142
0.513	0.598543
0.514	0.597945
0.515	0.597347
0.516	0.596749
0.517	0.596153
0.518	0.595556
0.519	0.594961
0.52	0.594366
0.521	0.593772
0.522	0.593178
0.523	0.592585
0.524	0.591992
0.525	0.5914
0.526	0.590809
0.527	0.590218
0.528	0.589628
0.529	0.589038
0.53	0.588449
0.531	0.58786
0.532	0.587273
0.533	0.586685
0.534	0.586099
0.535	0.585513
0.536	0.584927
0.537	0.584342
0.538	0.583758
0.539	0.583174
0.54	0.582591
0.541	0.582008
0.542	0.581426
0.543	0.580845
0.544	0.580264
0.545	0.579684
0.546	0.579104
0.547	0.578525
0.548	0.577946
0.549	0.577368
0.55	0.576791
0.551	0.576214
0.552	0.575638
0.553	0.575062
0.554	0.574487
0.555	0.573913
0.556	0.573339
0.557	0.572766
0.558	0.572193
0.559	0.571621
0.56	0.571049
0.561	0.570478
0.562	0.569908
0.563	0.569338
0.564	0.568768
0.565	0.5682
0.566	0.567631
0.567	0.567064
0.568	0.566497
0.569	0.56593
0.57	0.565364
0.571	0.564799
0.572	0.564234
0.573	0.56367
0.574	0.563106
0.575	0.562543
0.576	0.56198
0.577	0.561418
0.578	0.560857
0.579	0.560296
0.58	0.559736
0.581	0.559176
0.582	0.558617
0.583	0.558058
0.584	0.5575
0.585	0.556943
0.586	0.556386
0.587	0.555829
0.588	0.555274
0.589	0.554718
0.59	0.554164
0.591	0.55361
0.592	0.553056
0.593	0.552503
0.594	0.55195
0.595	0.551398
0.596	0.550847
0.597	0.550296
0.598	0.549746
0.599	0.549196
0.6	0.548647
0.601	0.548098
0.602	0.54755
0.603	0.547003
0.604	0.546456
0.605	0.545909
0.606	0.545363
0.607	0.544818
0.608	0.544273
0.609	0.543729
0.61	0.543185
0.611	0.542642
0.612	0.542099
0.613	0.541557
0.614	0.541016
0.615	0.540475
0.616	0.539934
0.617	0.539394
0.618	0.538855
0.619	0.538316
0.62	0.537778
0.621	0.53724
0.622	0.536703
0.623	0.536166
0.624	0.53563
0.625	0.535094
0.626	0.534559
0.627	0.534024
0.628	0.53349
0.629	0.532957
0.63	0.532424
0.631	0.531892
0.632	0.53136
0.633	0.530828
0.634	0.530297
0.635	0.529767
0.636	0.529237
0.637	0.528708
0.638	0.528179
0.639	0.527651
0.64	0.527124
0.641	0.526596
0.642	0.52607
0.643	0.525544
0.644	0.525018
0.645	0.524493
0.646	0.523969
0.647	0.523445
0.648	0.522921
0.649	0.522398
0.65	0.521876
0.651	0.521354
0.652	0.520833
0.653	0.520312
0.654	0.519792
0.655	0.519272
0.656	0.518753
0.657	0.518234
0.658	0.517716
0.659	0.517198
0.66	0.516681
0.661	0.516164
0.662	0.515648
0.663	0.515132
0.664	0.514617
0.665	0.514102
0.666	0.513588
0.667	0.513075
0.668	0.512562
0.669	0.512049
0.67	0.511537
0.671	0.511026
0.672	0.510515
0.673	0.510004
0.674	0.509494
0.675	0.508984
0.676	0.508476
0.677	0.507967
0.678	0.507459
0.679	0.506952
0.68	0.506445
0.681	0.505938
0.682	0.505432
0.683	0.504927
0.684	0.504422
0.685	0.503917
0.686	0.503414
0.687	0.50291
0.688	0.502407
0.689	0.501905
0.69	0.501403
0.691	0.500902
0.692	0.500401
0.693	0.4999
0.694	0.4994
0.695	0.498901
0.696	0.498402
0.697	0.497904
0.698	0.497406
0.699	0.496908
0.7	0.496411
0.701	0.495915
0.702	0.495419
0.703	0.494924
0.704	0.494429
0.705	0.493934
0.706	0.49344
0.707	0.492947
0.708	0.492454
0.709	0.491962
0.71	0.49147
0.711	0.490978
0.712	0.490487
0.713	0.489997
0.714	0.489507
0.715	0.489017
0.716	0.488528
0.717	0.48804
0.718	0.487552
0.719	0.487064
0.72	0.486577
0.721	0.48609
0.722	0.485604
0.723	0.485119
0.724	0.484634
0.725	0.484149
0.726	0.483665
0.727	0.483181
0.728	0.482698
0.729	0.482215
0.73	0.481733
0.731	0.481251
0.732	0.48077
0.733	0.480289
0.734	0.479809
0.735	0.479329
0.736	0.47885
0.737	0.478371
0.738	0.477893
0.739	0.477415
0.74	0.476937
0.741	0.47646
0.742	0.475984
0.743	0.475508
0.744	0.475032
0.745	0.474557
0.746	0.474083
0.747	0.473609
0.748	0.473135
0.749	0.472662
0.75	0.472189
0.751	0.471717
0.752	0.471245
0.753	0.470774
0.754	0.470303
0.755	0.469833
0.756	0.469363
0.757	0.468894
0.758	0.468425
0.759	0.467957
0.76	0.467489
0.761	0.467021
0.762	0.466554
0.763	0.466088
0.764	0.465621
0.765	0.465156
0.766	0.464691
0.767	0.464226
0.768	0.463762
0.769	0.463298
0.77	0.462835
0.771	0.462372
0.772	0.46191
0.773	0.461448
0.774	0.460986
0.775	0.460525
0.776	0.460065
0.777	0.459605
0.778	0.459145
0.779	0.458686
0.78	0.458227
0.781	0.457769
0.782	0.457311
0.783	0.456854
0.784	0.456397
0.785	0.455941
0.786	0.455485
0.787	0.455029
0.788	0.454574
0.789	0.45412
0.79	0.453665
0.791	0.453212
0.792	0.452759
0.793	0.452306
0.794	0.451854
0.795	0.451402
0.796	0.45095
0.797	0.450499
0.798	0.450049
0.799	0.449599
0.8	0.449149
0.801	0.4487
0.802	0.448251
0.803	0.447803
0.804	0.447355
0.805	0.446908
0.806	0.446461
0.807	0.446015
0.808	0.445569
0.809	0.445123
0.81	0.444678
0.811	0.444233
0.812	0.443789
0.813	0.443345
0.814	0.442902
0.815	0.442459
0.816	0.442016
0.817	0.441574
0.818	0.441133
0.819	0.440692
0.82	0.440251
0.821	0.439811
0.822	0.439371
0.823	0.438932
0.824	0.438493
0.825	0.438054
0.826	0.437616
0.827	0.437178
0.828	0.436741
0.829	0.436305
0.83	0.435868
0.831	0.435432
0.832	0.434997
0.833	0.434562
0.834	0.434127
0.835	0.433693
0.836	0.43326
0.837	0.432826
0.838	0.432393
0.839	0.431961
0.84	0.431529
0.841	0.431098
0.842	0.430666
0.843	0.430236
0.844	0.429806
0.845	0.429376
0.846	0.428946
0.847	0.428517
0.848	0.428089
0.849	0.427661
0.85	0.427233
0.851	0.426806
0.852	0.426379
0.853	0.425953
0.854	0.425527
0.855	0.425101
0.856	0.424676
0.857	0.424252
0.858	0.423827
0.859	0.423403
0.86	0.42298
0.861	0.422557
0.862	0.422135
0.863	0.421712
0.864	0.421291
0.865	0.420869
0.866	0.420448
0.867	0.420028
0.868	0.419608
0.869	0.419188
0.87	0.418769
0.871	0.41835
0.872	0.417932
0.873	0.417514
0.874	0.417097
0.875	0.41668
0.876	0.416263
0.877	0.415847
0.878	0.415431
0.879	0.415015
0.88	0.4146
0.881	0.414186
0.882	0.413772
0.883	0.413358
0.884	0.412944
0.885	0.412531
0.886	0.412119
0.887	0.411707
0.888	0.411295
0.889	0.410884
0.89	0.410473
0.891	0.410062
0.892	0.409652
0.893	0.409243
0.894	0.408833
0.895	0.408425
0.896	0.408016
0.897	0.407608
0.898	0.407201
0.899	0.406793
0.9	0.406387
0.901	0.40598
0.902	0.405574
0.903	0.405169
0.904	0.404764
0.905	0.404359
0.906	0.403954
0.907	0.40355
0.908	0.403147
0.909	0.402744
0.91	0.402341
0.911	0.401939
0.912	0.401537
0.913	0.401135
0.914	0.400734
0.915	0.400333
0.916	0.399933
0.917	0.399533
0.918	0.399134
0.919	0.398734
0.92	0.398336
0.921	0.397937
0.922	0.397539
0.923	0.397142
0.924	0.396745
0.925	0.396348
0.926	0.395952
0.927	0.395556
0.928	0.39516
0.929	0.394765
0.93	0.39437
0.931	0.393976
0.932	0.393582
0.933	0.393188
0.934	0.392795
0.935	0.392402
0.936	0.39201
0.937	0.391618
0.938	0.391226
0.939	0.390835
0.94	0.390444
0.941	0.390054
0.942	0.389664
0.943	0.389274
0.944	0.388885
0.945	0.388496
0.946	0.388107
0.947	0.387719
0.948	0.387332
0.949	0.386944
0.95	0.386557
0.951	0.386171
0.952	0.385785
0.953	0.385399
0.954	0.385013
0.955	0.384628
0.956	0.384244
0.957	0.383859
0.958	0.383476
0.959	0.383092
0.96	0.382709
0.961	0.382326
0.962	0.381944
0.963	0.381562
0.964	0.38118
0.965	0.380799
0.966	0.380418
0.967	0.380038
0.968	0.379658
0.969	0.379278
0.97	0.378899
0.971	0.37852
0.972	0.378142
0.973	0.377764
0.974	0.377386
0.975	0.377008
0.976	0.376631
0.977	0.376255
0.978	0.375878
0.979	0.375503
0.98	0.375127
0.981	0.374752
0.982	0.374377
0.983	0.374003
0.984	0.373629
0.985	0.373255
0.986	0.372882
0.987	0.372509
0.988	0.372137
0.989	0.371764
0.99	0.371393
0.991	0.371021
0.992	0.37065
0.993	0.37028
0.994	0.369909
0.995	0.369539
0.996	0.36917
0.997	0.368801
0.998	0.368432
0.999	0.368063
1	0.367695
1.001	0.367328
1.002	0.36696
1.003	0.366593
1.004	0.366227
1.005	0.365861
1.006	0.365495
1.007	0.365129
1.008	0.364764
1.009	0.364399
1.01	0.364035
1.011	0.363671
1.012	0.363307
1.013	0.362944
1.014	0.362581
1.015	0.362218
1.016	0.361856
1.017	0.361494
1.018	0.361133
1.019	0.360772
1.02	0.360411
1.021	0.360051
1.022	0.35969
1.023	0.359331
1.024	0.358971
1.025	0.358613
1.026	0.358254
1.027	0.357896
1.028	0.357538
1.029	0.35718
1.03	0.356823
1.031	0.356466
1.032	0.35611
1.033	0.355754
1.034	0.355398
1.035	0.355042
1.036	0.354687
1.037	0.354333
1.038	0.353978
1.039	0.353624
1.04	0.353271
1.041	0.352918
1.042	0.352565
1.043	0.352212
1.044	0.35186
1.045	0.351508
1.046	0.351156
1.047	0.350805
1.048	0.350455
1.049	0.350104
1.05	0.349754
1.051	0.349404
1.052	0.349055
1.053	0.348706
1.054	0.348357
1.055	0.348009
1.056	0.347661
1.057	0.347313
1.058	0.346966
1.059	0.346619
1.06	0.346272
1.061	0.345926
1.062	0.34558
1.063	0.345234
1.064	0.344889
1.065	0.344544
1.066	0.3442
1.067	0.343855
1.068	0.343512
1.069	0.343168
1.07	0.342825
1.071	0.342482
1.072	0.34214
1.073	0.341797
1.074	0.341456
1.075	0.341114
1.076	0.340773
1.077	0.340432
1.078	0.340092
1.079	0.339752
1.08	0.339412
1.081	0.339073
1.082	0.338734
1.083	0.338395
1.084	0.338056
1.085	0.337718
1.086	0.337381
1.087	0.337043
1.088	0.336706
1.089	0.33637
1.09	0.336033
1.091	0.335697
1.092	0.335361
1.093	0.335026
1.094	0.334691
1.095	0.334356
1.096	0.334022
1.097	0.333688
1.098	0.333354
1.099	0.333021
1.1	0.332688
1.101	0.332355
1.102	0.332023
1.103	0.331691
1.104	0.331359
1.105	0.331028
1.106	0.330697
1.107	0.330366
1.108	0.330036
1.109	0.329706
1.11	0.329376
1.111	0.329047
1.112	0.328718
1.113	0.328389
1.114	0.32806
1.115	0.327732
1.116	0.327405
1.117	0.327077
1.118	0.32675
1.119	0.326423
1.12	0.326097
1.121	0.325771
1.122	0.325445
1.123	0.32512
1.124	0.324795
1.125	0.32447
1.126	0.324145
1.127	0.323821
1.128	0.323497
1.129	0.323174
1.13	0.322851
1.131	0.322528
1.132	0.322205
1.133	0.321883
1.134	0.321561
1.135	0.32124
1.136	0.320918
1.137	0.320597
1.138	0.320277
1.139	0.319957
1.14	0.319637
1.141	0.319317
1.142	0.318998
1.143	0.318679
1.144	0.31836
1.145	0.318042
1.146	0.317724
1.147	0.317406
1.148	0.317088
1.149	0.316771
1.15	0.316455
1.151	0.316138
1.152	0.315822
1.153	0.315506
1.154	0.315191
1.155	0.314876
1.156	0.314561
1.157	0.314246
1.158	0.313932
1.159	0.313618
1.16	0.313304
1.161	0.312991
1.162	0.312678
1.163	0.312365
1.164	0.312053
1.165	0.311741
1.166	0.311429
1.167	0.311118
1.168	0.310807
1.169	0.310496
1.17	0.310185
1.171	0.309875
1.172	0.309565
1.173	0.309256
1.174	0.308946
1.175	0.308637
1.176	0.308329
1.177	0.308021
1.178	0.307712
1.179	0.307405
1.18	0.307097
1.181	0.30679
1.182	0.306483
1.183	0.306177
1.184	0.305871
1.185	0.305565
1.186	0.305259
1.187	0.304954
1.188	0.304649
1.189	0.304345
1.19	0.30404
1.191	0.303736
1.192	0.303432
1.193	0.303129
1.194	0.302826
1.195	0.302523
1.196	0.30222
1.197	0.301918
1.198	0.301616
1.199	0.301315
1.2	0.301013
1.201	0.300712
1.202	0.300412
1.203	0.300111
1.204	0.299811
1.205	0.299511
1.206	0.299212
1.207	0.298913
1.208	0.298614
1.209	0.298315
1.21	0.298017
1.211	0.297719
1.212	0.297421
1.213	0.297124
1.214	0.296827
1.215	0.29653
1.216	0.296233
1.217	0.295937
1.218	0.295641
1.219	0.295345
1.22	0.29505
1.221	0.294755
1.222	0.29446
1.223	0.294166
1.224	0.293872
1.225	0.293578
1.226	0.293284
1.227	0.292991
1.228	0.292698
1.229	0.292405
1.23	0.292113
1.231	0.291821
1.232	0.291529
1.233	0.291237
1.234	0.290946
1.235	0.290655
1.236	0.290364
1.237	0.290074
1.238	0.289784
1.239	0.289494
1.24	0.289205
1.241	0.288916
1.242	0.288627
1.243	0.288338
1.244	0.28805
1.245	0.287762
1.246	0.287474
1.247	0.287186
1.248	0.286899
1.249	0.286612
1.25	0.286326
1.251	0.286039
1.252	0.285753
1.253	0.285468
1.254	0.285182
1.255	0.284897
1.256	0.284612
1.257	0.284327
1.258	0.284043
1.259	0.283759
1.26	0.283475
1.261	0.283192
1.262	0.282909
1.263	0.282626
1.264	0.282343
1.265	0.282061
1.266	0.281779
1.267	0.281497
1.268	0.281215
1.269	0.280934
1.27	0.280653
1.271	0.280373
1.272	0.280092
1.273	0.279812
1.274	0.279532
1.275	0.279253
1.276	0.278974
1.277	0.278695
1.278	0.278416
1.279	0.278137
1.28	0.277859
1.281	0.277581
1.282	0.277304
1.283	0.277027
1.284	0.27675
1.285	0.276473
1.286	0.276196
1.287	0.27592
1.288	0.275644
1.289	0.275369
1.29	0.275093
1.291	0.274818
1.292	0.274543
1.293	0.274269
1.294	0.273994
1.295	0.27372
1.296	0.273447
1.297	0.273173
1.298	0.2729
1.299	0.272627
1.3	0.272355
1.301	0.272082
1.302	0.27181
1.303	0.271538
1.304	0.271267
1.305	0.270996
1.306	0.270725
1.307	0.270454
1.308	0.270183
1.309	0.269913
1.31	0.269643
1.311	0.269374
1.312	0.269104
1.313	0.268835
1.314	0.268566
1.315	0.268298
1.316	0.268029
1.317	0.267761
1.318	0.267494
1.319	0.267226
1.32	0.266959
1.321	0.266692
1.322	0.266425
1.323	0.266159
1.324	0.265893
1.325	0.265627
1.326	0.265361
1.327	0.265096
1.328	0.264831
1.329	0.264566
1.33	0.264301
1.331	0.264037
1.332	0.263773
1.333	0.263509
1.334	0.263246
1.335	0.262982
1.336	0.262719
1.337	0.262457
1.338	0.262194
1.339	0.261932
1.34	0.26167
1.341	0.261409
1.342	0.261147
1.343	0.260886
1.344	0.260625
1.345	0.260364
1.346	0.260104
1.347	0.259844
1.348	0.259584
1.349	0.259325
1.35	0.259065
1.351	0.258806
1.352	0.258547
1.353	0.258289
1.354	0.258031
1.355	0.257772
1.356	0.257515
1.357	0.257257
1.358	0.257
1.359	0.256743
1.36	0.256486
1.361	0.25623
1.362	0.255973
1.363	0.255718
1.364	0.255462
1.365	0.255206
1.366	0.254951
1.367	0.254696
1.368	0.254441
1.369	0.254187
1.37	0.253933
1.371	0.253679
1.372	0.253425
1.373	0.253172
1.374	0.252919
1.375	0.252666
1.376	0.252413
1.377	0.252161
1.378	0.251908
1.379	0.251657
1.38	0.251405
1.381	0.251154
1.382	0.250902
1.383	0.250651
1.384	0.250401
1.385	0.25015
1.386	0.2499
1.387	0.24965
1.388	0.249401
1.389	0.249151
1.39	0.248902
1.391	0.248653
1.392	0.248405
1.393	0.248156
1.394	0.247908
1.395	0.24766
1.396	0.247412
1.397	0.247165
1.398	0.246918
1.399	0.246671
1.4	0.246424
1.401	0.246178
1.402	0.245932
1.403	0.245686
1.404	0.24544
1.405	0.245195
1.406	0.244949
1.407	0.244704
1.408	0.24446
1.409	0.244215
1.41	0.243971
1.411	0.243727
1.412	0.243483
1.413	0.24324
1.414	0.242997
1.415	0.242754
1.416	0.242511
1.417	0.242268
1.418	0.242026
1.419	0.241784
1.42	0.241542
1.421	0.241301
1.422	0.24106
1.423	0.240818
1.424	0.240578
1.425	0.240337
1.426	0.240097
1.427	0.239857
1.428	0.239617
1.429	0.239377
1.43	0.239138
1.431	0.238899
1.432	0.23866
1.433	0.238421
1.434	0.238183
1.435	0.237944
1.436	0.237707
1.437	0.237469
1.438	0.237231
1.439	0.236994
1.44	0.236757
1.441	0.23652
1.442	0.236284
1.443	0.236048
1.444	0.235812
1.445	0.235576
1.446	0.23534
1.447	0.235105
1.448	0.23487
1.449	0.234635
1.45	0.2344
1.451	0.234166
1.452	0.233932
1.453	0.233698
1.454	0.233464
1.455	0.233231
1.456	0.232997
1.457	0.232764
1.458	0.232532
1.459	0.232299
1.46	0.232067
1.461	0.231835
1.462	0.231603
1.463	0.231371
1.464	0.23114
1.465	0.230909
1.466	0.230678
1.467	0.230447
1.468	0.230217
1.469	0.229986
1.47	0.229756
1.471	0.229527
1.472	0.229297
1.473	0.229068
1.474	0.228839
1.475	0.22861
1.476	0.228381
1.477	0.228153
1.478	0.227925
1.479	0.227697
1.48	0.227469
1.481	0.227242
1.482	0.227014
1.483	0.226787
1.484	0.226561
1.485	0.226334
1.486	0.226108
1.487	0.225882
1.488	0.225656
1.489	0.22543
1.49	0.225205
1.491	0.224979
1.492	0.224755
1.493	0.22453
1.494	0.224305
1.495	0.224081
1.496	0.223857
1.497	0.223633
1.498	0.223409
1.499	0.223186
1.5	0.222963
1.501	0.22274
1.502	0.222517
1.503	0.222295
1.504	0.222072
1.505	0.22185
1.506	0.221628
1.507	0.221407
1.508	0.221185
1.509	0.220964
1.51	0.220743
1.511	0.220522
1.512	0.220302
1.513	0.220082
1.514	0.219861
1.515	0.219642
1.516	0.219422
1.517	0.219203
1.518	0.218983
1.519	0.218764
1.52	0.218546
1.521	0.218327
1.522	0.218109
1.523	0.217891
1.524	0.217673
1.525	0.217455
1.526	0.217238
1.527	0.21702
1.528	0.216803
1.529	0.216587
1.53	0.21637
1.531	0.216154
1.532	0.215937
1.533	0.215722
1.534	0.215506
1.535	0.21529
1.536	0.215075
1.537	0.21486
1.538	0.214645
1.539	0.21443
1.54	0.214216
1.541	0.214002
1.542	0.213788
1.543	0.213574
1.544	0.21336
1.545	0.213147
1.546	0.212934
1.547	0.212721
1.548	0.212508
1.549	0.212296
1.55	0.212083
1.551	0.211871
1.552	0.211659
1.553	0.211448
1.554	0.211236
1.555	0.211025
1.556	0.210814
1.557	0.210603
1.558	0.210393
1.559	0.210182
1.56	0.209972
1.561	0.209762
1.562	0.209552
1.563	0.209343
1.564	0.209133
1.565	0.208924
1.566	0.208715
1.567	0.208507
1.568	0.208298
1.569	0.20809
1.57	0.207882
1.571	0.207674
1.572	0.207466
1.573	0.207259
1.574	0.207052
1.575	0.206844
1.576	0.206638
1.577	0.206431
1.578	0.206225
1.579	0.206018
1.58	0.205812
1.581	0.205607
1.582	0.205401
1.583	0.205196
1.584	0.20499
1.585	0.204785
1.586	0.204581
1.587	0.204376
1.588	0.204172
1.589	0.203967
1.59	0.203763
1.591	0.20356
1.592	0.203356
1.593	0.203153
1.594	0.20295
1.595	0.202747
1.596	0.202544
1.597	0.202341
1.598	0.202139
1.599	0.201937
1.6	0.201735
1.601	0.201533
1.602	0.201332
1.603	0.20113
1.604	0.200929
1.605	0.200728
1.606	0.200528
1.607	0.200327
1.608	0.200127
1.609	0.199927
1.61	0.199727
1.611	0.199527
1.612	0.199327
1.613	0.199128
1.614	0.198929
1.615	0.19873
1.616	0.198531
1.617	0.198333
1.618	0.198134
1.619	0.197936
1.62	0.197738
1.621	0.197541
1.622	0.197343
1.623	0.197146
1.624	0.196949
1.625	0.196752
1.626	0.196555
1.627	0.196358
1.628	0.196162
1.629	0.195966
1.63	0.19577
1.631	0.195574
1.632	0.195379
1.633	0.195183
1.634	0.194988
1.635	0.194793
1.636	0.194598
1.637	0.194404
1.638	0.194209
1.639	0.194015
1.64	0.193821
1.641	0.193627
1.642	0.193433
1.643	0.19324
1.644	0.193047
1.645	0.192854
1.646	0.192661
1.647	0.192468
1.648	0.192276
1.649	0.192084
1.65	0.191891
1.651	0.1917
1.652	0.191508
1.653	0.191316
1.654	0.191125
1.655	0.190934
1.656	0.190743
1.657	0.190552
1.658	0.190362
1.659	0.190171
1.66	0.189981
1.661	0.189791
1.662	0.189601
1.663	0.189412
1.664	0.189222
1.665	0.189033
1.666	0.188844
1.667	0.188655
1.668	0.188467
1.669	0.188278
1.67	0.18809
1.671	0.187902
1.672	0.187714
1.673	0.187526
1.674	0.187339
1.675	0.187151
1.676	0.186964
1.677	0.186777
1.678	0.18659
1.679	0.186404
1.68	0.186217
1.681	0.186031
1.682	0.185845
1.683	0.185659
1.684	0.185474
1.685	0.185288
1.686	0.185103
1.687	0.184918
1.688	0.184733
1.689	0.184548
1.69	0.184364
1.691	0.184179
1.692	0.183995
1.693	0.183811
1.694	0.183627
1.695	0.183444
1.696	0.18326
1.697	0.183077
1.698	0.182894
1.699	0.182711
1.7	0.182528
1.701	0.182346
1.702	0.182163
1.703	0.181981
1.704	0.181799
1.705	0.181617
1.706	0.181436
1.707	0.181254
1.708	0.181073
1.709	0.180892
1.71	0.180711
1.711	0.18053
1.712	0.18035
1.713	0.18017
1.714	0.179989
1.715	0.179809
1.716	0.17963
1.717	0.17945
1.718	0.17927
1.719	0.179091
1.72	0.178912
1.721	0.178733
1.722	0.178554
1.723	0.178376
1.724	0.178198
1.725	0.178019
1.726	0.177841
1.727	0.177663
1.728	0.177486
1.729	0.177308
1.73	0.177131
1.731	0.176954
1.732	0.176777
1.733	0.1766
1.734	0.176424
1.735	0.176247
1.736	0.176071
1.737	0.175895
1.738	0.175719
1.739	0.175543
1.74	0.175368
1.741	0.175192
1.742	0.175017
1.743	0.174842
1.744	0.174667
1.745	0.174493
1.746	0.174318
1.747	0.174144
1.748	0.17397
1.749	0.173796
1.75	0.173622
1.751	0.173448
1.752	0.173275
1.753	0.173102
1.754	0.172928
1.755	0.172755
1.756	0.172583
1.757	0.17241
1.758	0.172238
1.759	0.172065
1.76	0.171893
1.761	0.171722
1.762	0.17155
1.763	0.171378
1.764	0.171207
1.765	0.171036
1.766	0.170865
1.767	0.170694
1.768	0.170523
1.769	0.170353
1.77	0.170182
1.771	0.170012
1.772	0.169842
1.773	0.169672
1.774	0.169503
1.775	0.169333
1.776	0.169164
1.777	0.168995
1.778	0.168826
1.779	0.168657
1.78	0.168488
1.781	0.16832
1.782	0.168151
1.783	0.167983
1.784	0.167815
1.785	0.167647
1.786	0.16748
1.787	0.167312
1.788	0.167145
1.789	0.166978
1.79	0.166811
1.791	0.166644
1.792	0.166477
1.793	0.166311
1.794	0.166144
1.795	0.165978
1.796	0.165812
1.797	0.165647
1.798	0.165481
1.799	0.165315
1.8	0.16515
1.801	0.164985
1.802	0.16482
1.803	0.164655
1.804	0.16449
1.805	0.164326
1.806	0.164162
1.807	0.163997
1.808	0.163834
1.809	0.16367
1.81	0.163506
1.811	0.163342
1.812	0.163179
1.813	0.163016
1.814	0.162853
1.815	0.16269
1.816	0.162527
1.817	0.162365
1.818	0.162203
1.819	0.16204
1.82	0.161878
1.821	0.161716
1.822	0.161555
1.823	0.161393
1.824	0.161232
1.825	0.161071
1.826	0.160909
1.827	0.160749
1.828	0.160588
1.829	0.160427
1.83	0.160267
1.831	0.160106
1.832	0.159946
1.833	0.159786
1.834	0.159627
1.835	0.159467
1.836	0.159308
1.837	0.159148
1.838	0.158989
1.839	0.15883
1.84	0.158671
1.841	0.158513
1.842	0.158354
1.843	0.158196
1.844	0.158038
1.845	0.15788
1.846	0.157722
1.847	0.157564
1.848	0.157406
1.849	0.157249
1.85	0.157092
1.851	0.156935
1.852	0.156778
1.853	0.156621
1.854	0.156464
1.855	0.156308
1.856	0.156151
1.857	0.155995
1.858	0.155839
1.859	0.155684
1.86	0.155528
1.861	0.155372
1.862	0.155217
1.863	0.155062
1.864	0.154907
1.865	0.154752
1.866	0.154597
1.867	0.154442
1.868	0.154288
1.869	0.154134
1.87	0.15398
1.871	0.153826
1.872	0.153672
1.873	0.153518
1.874	0.153365
1.875	0.153211
1.876	0.153058
1.877	0.152905
1.878	0.152752
1.879	0.152599
1.88	0.152447
1.881	0.152294
1.882	0.152142
1.883	0.15199
1.884	0.151838
1.885	0.151686
1.886	0.151534
1.887	0.151383
1.888	0.151231
1.889	0.15108
1.89	0.150929
1.891	0.150778
1.892	0.150627
1.893	0.150477
1.894	0.150326
1.895	0.150176
1.896	0.150026
1.897	0.149876
1.898	0.149726
1.899	0.149576
1.9	0.149427
1.901	0.149277
1.902	0.149128
1.903	0.148979
1.904	0.14883
1.905	0.148681
1.906	0.148532
1.907	0.148384
1.908	0.148235
1.909	0.148087
1.91	0.147939
1.911	0.147791
1.912	0.147643
1.913	0.147496
1.914	0.147348
1.915	0.147201
1.916	0.147054
1.917	0.146906
1.918	0.14676
1.919	0.146613
1.92	0.146466
1.921	0.14632
1.922	0.146173
1.923	0.146027
1.924	0.145881
1.925	0.145735
1.926	0.14559
1.927	0.145444
1.928	0.145299
1.929	0.145153
1.93	0.145008
1.931	0.144863
1.932	0.144718
1.933	0.144574
1.934	0.144429
1.935	0.144285
1.936	0.14414
1.937	0.143996
1.938	0.143852
1.939	0.143708
1.94	0.143565
1.941	0.143421
1.942	0.143278
1.943	0.143134
1.944	0.142991
1.945	0.142848
1.946	0.142705
1.947	0.142563
1.948	0.14242
1.949	0.142278
1.95	0.142135
1.951	0.141993
1.952	0.141851
1.953	0.141709
1.954	0.141568
1.955	0.141426
1.956	0.141285
1.957	0.141143
1.958	0.141002
1.959	0.140861
1.96	0.14072
1.961	0.14058
1.962	0.140439
1.963	0.140299
1.964	0.140158
1.965	0.140018
1.966	0.139878
1.967	0.139738
1.968	0.139599
1.969	0.139459
1.97	0.139319
1.971	0.13918
1.972	0.139041
1.973	0.138902
1.974	0.138763
1.975	0.138624
1.976	0.138486
1.977	0.138347
1.978	0.138209
1.979	0.138071
1.98	0.137933
1.981	0.137795
1.982	0.137657
1.983	0.137519
1.984	0.137382
1.985	0.137244
1.986	0.137107
1.987	0.13697
1.988	0.136833
1.989	0.136696
1.99	0.136559
1.991	0.136423
1.992	0.136286
1.993	0.13615
1.994	0.136014
1.995	0.135878
1.996	0.135742
1.997	0.135606
1.998	0.135471
1.999	0.135335
2	0.1352
2.001	0.135065
2.002	0.13493
2.003	0.134795
2.004	0.13466
2.005	0.134525
2.006	0.134391
2.007	0.134256
2.008	0.134122
2.009	0.133988
2.01	0.133854
2.011	0.13372
2.012	0.133586
2.013	0.133453
2.014	0.133319
2.015	0.133186
2.016	0.133053
2.017	0.13292
2.018	0.132787
2.019	0.132654
2.02	0.132521
2.021	0.132389
2.022	0.132257
2.023	0.132124
2.024	0.131992
2.025	0.13186
2.026	0.131728
2.027	0.131597
2.028	0.131465
2.029	0.131334
2.03	0.131202
2.031	0.131071
2.032	0.13094
2.033	0.130809
2.034	0.130678
2.035	0.130547
2.036	0.130417
2.037	0.130287
2.038	0.130156
2.039	0.130026
2.04	0.129896
2.041	0.129766
2.042	0.129636
2.043	0.129507
2.044	0.129377
2.045	0.129248
2.046	0.129119
2.047	0.12899
2.048	0.128861
2.049	0.128732
2.05	0.128603
2.051	0.128474
2.052	0.128346
2.053	0.128218
2.054	0.128089
2.055	0.127961
2.056	0.127833
2.057	0.127705
2.058	0.127578
2.059	0.12745
2.06	0.127323
2.061	0.127195
2.062	0.127068
2.063	0.126941
2.064	0.126814
2.065	0.126687
2.066	0.126561
2.067	0.126434
2.068	0.126308
2.069	0.126181
2.07	0.126055
2.071	0.125929
2.072	0.125803
2.073	0.125677
2.074	0.125552
2.075	0.125426
2.076	0.125301
2.077	0.125175
2.078	0.12505
2.079	0.124925
2.08	0.1248
2.081	0.124675
2.082	0.124551
2.083	0.124426
2.084	0.124302
2.085	0.124178
2.086	0.124053
2.087	0.123929
2.088	0.123805
2.089	0.123682
2.09	0.123558
2.091	0.123434
2.092	0.123311
2.093	0.123188
2.094	0.123064
2.095	0.122941
2.096	0.122818
2.097	0.122696
2.098	0.122573
2.099	0.12245
2.1	0.122328
2.101	0.122206
2.102	0.122083
2.103	0.121961
2.104	0.121839
2.105	0.121717
2.106	0.121596
2.107	0.121474
2.108	0.121353
2.109	0.121231
2.11	0.12111
2.111	0.120989
2.112	0.120868
2.113	0.120747
2.114	0.120626
2.115	0.120506
2.116	0.120385
2.117	0.120265
2.118	0.120145
2.119	0.120024
2.12	0.119904
2.121	0.119784
2.122	0.119665
2.123	0.119545
2.124	0.119425
2.125	0.119306
2.126	0.119187
2.127	0.119068
2.128	0.118948
2.129	0.11883
2.13	0.118711
2.131	0.118592
2.132	0.118473
2.133	0.118355
2.134	0.118237
2.135	0.118118
2.136	0.118
2.137	0.117882
2.138	0.117764
2.139	0.117647
2.14	0.117529
2.141	0.117411
2.142	0.117294
2.143	0.117177
2.144	0.11706
2.145	0.116942
2.146	0.116826
2.147	0.116709
2.148	0.116592
2.149	0.116475
2.15	0.116359
2.151	0.116243
2.152	0.116126
2.153	0.11601
2.154	0.115894
2.155	0.115778
2.156	0.115663
2.157	0.115547
2.158	0.115431
2.159	0.115316
2.16	0.115201
2.161	0.115085
2.162	0.11497
2.163	0.114855
2.164	0.11474
2.165	0.114626
2.166	0.114511
2.167	0.114397
2.168	0.114282
2.169	0.114168
2.17	0.114054
2.171	0.11394
2.172	0.113826
2.173	0.113712
2.174	0.113598
2.175	0.113485
2.176	0.113371
2.177	0.113258
2.178	0.113144
2.179	0.113031
2.18	0.112918
2.181	0.112805
2.182	0.112693
2.183	0.11258
2.184	0.112467
2.185	0.112355
2.186	0.112242
2.187	0.11213
2.188	0.112018
2.189	0.111906
2.19	0.111794
2.191	0.111682
2.192	0.111571
2.193	0.111459
2.194	0.111348
2.195	0.111236
2.196	0.111125
2.197	0.111014
2.198	0.110903
2.199	0.110792
2.2	0.110681
2.201	0.110571
2.202	0.11046
2.203	0.11035
2.204	0.110239
2.205	0.110129
2.206	0.110019
2.207	0.109909
2.208	0.109799
2.209	0.109689
2.21	0.109579
2.211	0.10947
2.212	0.10936
2.213	0.109251
2.214	0.109142
2.215	0.109033
2.216	0.108924
2.217	0.108815
2.218	0.108706
2.219	0.108597
2.22	0.108489
2.221	0.10838
2.222	0.108272
2.223	0.108163
2.224	0.108055
2.225	0.107947
2.226	0.107839
2.227	0.107731
2.228	0.107624
2.229	0.107516
2.23	0.107409
2.231	0.107301
2.232	0.107194
2.233	0.107087
2.234	0.10698
2.235	0.106873
2.236	0.106766
2.237	0.106659
2.238	0.106552
2.239	0.106446
2.24	0.106339
2.241	0.106233
2.242	0.106127
2.243	0.106021
2.244	0.105915
2.245	0.105809
2.246	0.105703
2.247	0.105597
2.248	0.105492
2.249	0.105386
2.25	0.105281
2.251	0.105175
2.252	0.10507
2.253	0.104965
2.254	0.10486
2.255	0.104755
2.256	0.104651
2.257	0.104546
2.258	0.104441
2.259	0.104337
2.26	0.104233
2.261	0.104128
2.262	0.104024
2.263	0.10392
2.264	0.103816
2.265	0.103712
2.266	0.103609
2.267	0.103505
2.268	0.103402
2.269	0.103298
2.27	0.103195
2.271	0.103092
2.272	0.102989
2.273	0.102886
2.274	0.102783
2.275	0.10268
2.276	0.102577
2.277	0.102475
2.278	0.102372
2.279	0.10227
2.28	0.102168
2.281	0.102065
2.282	0.101963
2.283	0.101861
2.284	0.10176
2.285	0.101658
2.286	0.101556
2.287	0.101455
2.288	0.101353
2.289	0.101252
2.29	0.101151
2.291	0.101049
2.292	0.100948
2.293	0.100847
2.294	0.100747
2.295	0.100646
2.296	0.100545
2.297	0.100445
2.298	0.100344
2.299	0.100244
2.3	0.100144
2.301	0.100043
2.302	0.0999433
2.303	0.0998434
2.304	0.0997436
2.305	0.0996438
2.306	0.0995442
2.307	0.0994446
2.308	0.0993452
2.309	0.0992458
2.31	0.0991466
2.311	0.0990474
2.312	0.0989484
2.313	0.0988495
2.314	0.0987506
2.315	0.0986519
2.316	0.0985532
2.317	0.0984546
2.318	0.0983562
2.319	0.0982578
2.32	0.0981596
2.321	0.0980614
2.322	0.0979634
2.323	0.0978654
2.324	0.0977675
2.325	0.0976698
2.326	0.0975721
2.327	0.0974745
2.328	0.097377
2.329	0.0972797
2.33	0.0971824
2.331	0.0970852
2.332	0.0969881
2.333	0.0968911
2.334	0.0967942
2.335	0.0966974
2.336	0.0966007
2.337	0.0965041
2.338	0.0964076
2.339	0.0963112
2.34	0.0962149
2.341	0.0961187
2.342	0.0960226
2.343	0.0959266
2.344	0.0958306
2.345	0.0957348
2.346	0.0956391
2.347	0.0955434
2.348	0.0954479
2.349	0.0953524
2.35	0.0952571
2.351	0.0951618
2.352	0.0950667
2.353	0.0949716
2.354	0.0948766
2.355	0.0947818
2.356	0.094687
2.357	0.0945923
2.358	0.0944977
2.359	0.0944032
2.36	0.0943088
2.361	0.0942145
2.362	0.0941203
2.363	0.0940262
2.364	0.0939321
2.365	0.0938382
2.366	0.0937444
2.367	0.0936506
2.368	0.093557
2.369	0.0934634
2.37	0.0933699
2.371	0.0932766
2.372	0.0931833
2.373	0.0930901
2.374	0.092997
2.375	0.092904
2.376	0.0928111
2.377	0.0927183
2.378	0.0926256
2.379	0.092533
2.38	0.0924404
2.381	0.092348
2.382	0.0922556
2.383	0.0921634
2.384	0.0920712
2.385	0.0919792
2.386	0.0918872
2.387	0.0917953
2.388	0.0917035
2.389	0.0916118
2.39	0.0915202
2.391	0.0914287
2.392	0.0913372
2.393	0.0912459
2.394	0.0911546
2.395	0.0910635
2.396	0.0909724
2.397	0.0908815
2.398	0.0907906
2.399	0.0906998
2.4	0.0906091
2.401	0.0905185
2.402	0.090428
2.403	0.0903375
2.404	0.0902472
2.405	0.0901569
2.406	0.0900668
2.407	0.0899767
2.408	0.0898867
2.409	0.0897969
2.41	0.0897071
2.411	0.0896174
2.412	0.0895277
2.413	0.0894382
2.414	0.0893488
2.415	0.0892594
2.416	0.0891702
2.417	0.089081
2.418	0.0889919
2.419	0.0889029
2.42	0.088814
2.421	0.0887252
2.422	0.0886365
2.423	0.0885478
2.424	0.0884593
2.425	0.0883708
2.426	0.0882825
2.427	0.0881942
2.428	0.088106
2.429	0.0880179
2.43	0.0879299
2.431	0.0878419
2.432	0.0877541
2.433	0.0876663
2.434	0.0875787
2.435	0.0874911
2.436	0.0874036
2.437	0.0873162
2.438	0.0872289
2.439	0.0871417
2.44	0.0870545
2.441	0.0869675
2.442	0.0868805
2.443	0.0867936
2.444	0.0867068
2.445	0.0866201
2.446	0.0865335
2.447	0.086447
2.448	0.0863605
2.449	0.0862741
2.45	0.0861879
2.451	0.0861017
2.452	0.0860156
2.453	0.0859296
2.454	0.0858436
2.455	0.0857578
2.456	0.085672
2.457	0.0855864
2.458	0.0855008
2.459	0.0854153
2.46	0.0853299
2.461	0.0852445
2.462	0.0851593
2.463	0.0850741
2.464	0.0849891
2.465	0.0849041
2.466	0.0848192
2.467	0.0847343
2.468	0.0846496
2.469	0.084565
2.47	0.0844804
2.471	0.0843959
2.472	0.0843115
2.473	0.0842272
2.474	0.084143
2.475	0.0840588
2.476	0.0839748
2.477	0.0838908
2.478	0.0838069
2.479	0.0837231
2.48	0.0836394
2.481	0.0835557
2.482	0.0834722
2.483	0.0833887
2.484	0.0833053
2.485	0.083222
2.486	0.0831388
2.487	0.0830557
2.488	0.0829726
2.489	0.0828896
2.49	0.0828067
2.491	0.0827239
2.492	0.0826412
2.493	0.0825586
2.494	0.082476
2.495	0.0823935
2.496	0.0823111
2.497	0.0822288
2.498	0.0821466
2.499	0.0820645
2.5	0.0819824
2.501	0.0819004
2.502	0.0818185
2.503	0.0817367
2.504	0.081655
2.505	0.0815733
2.506	0.0814917
2.507	0.0814102
2.508	0.0813288
2.509	0.0812475
2.51	0.0811662
2.511	0.0810851
2.512	0.081004
2.513	0.080923
2.514	0.0808421
2.515	0.0807612
2.516	0.0806805
2.517	0.0805998
2.518	0.0805192
2.519	0.0804387
2.52	0.0803582
2.521	0.0802779
2.522	0.0801976
2.523	0.0801174
2.524	0.0800373
2.525	0.0799572
2.526	0.0798773
2.527	0.0797974
2.528	0.0797176
2.529	0.0796379
2.53	0.0795582
2.531	0.0794787
2.532	0.0793992
2.533	0.0793198
2.534	0.0792405
2.535	0.0791613
2.536	0.0790821
2.537	0.079003
2.538	0.078924
2.539	0.0788451
2.54	0.0787662
2.541	0.0786875
2.542	0.0786088
2.543	0.0785302
2.544	0.0784516
2.545	0.0783732
2.546	0.0782948
2.547	0.0782165
2.548	0.0781383
2.549	0.0780602
2.55	0.0779821
2.551	0.0779041
2.552	0.0778262
2.553	0.0777484
2.554	0.0776706
2.555	0.077593
2.556	0.0775154
2.557	0.0774379
2.558	0.0773604
2.559	0.0772831
2.56	0.0772058
2.561	0.0771286
2.562	0.0770515
2.563	0.0769744
2.564	0.0768974
2.565	0.0768205
2.566	0.0767437
2.567	0.076667
2.568	0.0765903
2.569	0.0765137
2.57	0.0764372
2.571	0.0763608
2.572	0.0762844
2.573	0.0762081
2.574	0.0761319
2.575	0.0760558
2.576	0.0759797
2.577	0.0759037
2.578	0.0758278
2.579	0.075752
2.58	0.0756763
2.581	0.0756006
2.582	0.075525
2.583	0.0754495
2.584	0.075374
2.585	0.0752986
2.586	0.0752233
2.587	0.0751481
2.588	0.075073
2.589	0.0749979
2.59	0.0749229
2.591	0.074848
2.592	0.0747731
2.593	0.0746983
2.594	0.0746236
2.595	0.074549
2.596	0.0744745
2.597	0.0744
2.598	0.0743256
2.599	0.0742513
2.6	0.074177
2.601	0.0741028
2.602	0.0740287
2.603	0.0739547
2.604	0.0738808
2.605	0.0738069
2.606	0.0737331
2.607	0.0736593
2.608	0.0735857
2.609	0.0735121
2.61	0.0734386
2.611	0.0733651
2.612	0.0732918
2.613	0.0732185
2.614	0.0731453
2.615	0.0730721
2.616	0.072999
2.617	0.072926
2.618	0.0728531
2.619	0.0727803
2.62	0.0727075
2.621	0.0726348
2.622	0.0725621
2.623	0.0724896
2.624	0.0724171
2.625	0.0723447
2.626	0.0722723
2.627	0.0722001
2.628	0.0721279
2.629	0.0720557
2.63	0.0719837
2.631	0.0719117
2.632	0.0718398
2.633	0.0717679
2.634	0.0716962
2.635	0.0716245
2.636	0.0715529
2.637	0.0714813
2.638	0.0714098
2.639	0.0713384
2.64	0.0712671
2.641	0.0711958
2.642	0.0711246
2.643	0.0710535
2.644	0.0709824
2.645	0.0709114
2.646	0.0708405
2.647	0.0707697
2.648	0.0706989
2.649	0.0706282
2.65	0.0705576
2.651	0.070487
2.652	0.0704166
2.653	0.0703461
2.654	0.0702758
2.655	0.0702055
2.656	0.0701353
2.657	0.0700652
2.658	0.0699951
2.659	0.0699251
2.66	0.0698552
2.661	0.0697853
2.662	0.0697155
2.663	0.0696458
2.664	0.0695762
2.665	0.0695066
2.666	0.0694371
2.667	0.0693677
2.668	0.0692983
2.669	0.069229
2.67	0.0691598
2.671	0.0690906
2.672	0.0690215
2.673	0.0689525
2.674	0.0688835
2.675	0.0688147
2.676	0.0687459
2.677	0.0686771
2.678	0.0686084
2.679	0.0685398
2.68	0.0684713
2.681	0.0684028
2.682	0.0683344
2.683	0.0682661
2.684	0.0681978
2.685	0.0681296
2.686	0.0680615
2.687	0.0679934
2.688	0.0679254
2.689	0.0678575
2.69	0.0677896
2.691	0.0677219
2.692	0.0676541
2.693	0.0675865
2.694	0.0675189
2.695	0.0674514
2.696	0.0673839
2.697	0.0673165
2.698	0.0672492
2.699	0.067182
2.7	0.0671148
2.701	0.0670477
2.702	0.0669806
2.703	0.0669136
2.704	0.0668467
2.705	0.0667799
2.706	0.0667131
2.707	0.0666464
2.708	0.0665797
2.709	0.0665132
2.71	0.0664467
2.711	0.0663802
2.712	0.0663138
2.713	0.0662475
2.714	0.0661813
2.715	0.0661151
2.716	0.066049
2.717	0.0659829
2.718	0.0659169
2.719	0.065851
2.72	0.0657852
2.721	0.0657194
2.722	0.0656537
2.723	0.065588
2.724	0.0655224
2.725	0.0654569
2.726	0.0653914
2.727	0.065326
2.728	0.0652607
2.729	0.0651955
2.73	0.0651303
2.731	0.0650651
2.732	0.0650001
2.733	0.0649351
2.734	0.0648701
2.735	0.0648053
2.736	0.0647405
2.737	0.0646757
2.738	0.064611
2.739	0.0645464
2.74	0.0644819
2.741	0.0644174
2.742	0.064353
2.743	0.0642886
2.744	0.0642243
2.745	0.0641601
2.746	0.064096
2.747	0.0640319
2.748	0.0639678
2.749	0.0639039
2.75	0.06384
2.751	0.0637761
2.752	0.0637123
2.753	0.0636486
2.754	0.063585
2.755	0.0635214
2.756	0.0634579
2.757	0.0633944
2.758	0.063331
2.759	0.0632677
2.76	0.0632044
2.761	0.0631412
2.762	0.0630781
2.763	0.063015
2.764	0.062952
2.765	0.062889
2.766	0.0628261
2.767	0.0627633
2.768	0.0627006
2.769	0.0626379
2.77	0.0625752
2.771	0.0625126
2.772	0.0624501
2.773	0.0623877
2.774	0.0623253
2.775	0.062263
2.776	0.0622007
2.777	0.0621385
2.778	0.0620764
2.779	0.0620143
2.78	0.0619523
2.781	0.0618903
2.782	0.0618284
2.783	0.0617666
2.784	0.0617048
2.785	0.0616431
2.786	0.0615815
2.787	0.0615199
2.788	0.0614584
2.789	0.0613969
2.79	0.0613355
2.791	0.0612742
2.792	0.0612129
2.793	0.0611517
2.794	0.0610906
2.795	0.0610295
2.796	0.0609684
2.797	0.0609075
2.798	0.0608466
2.799	0.0607857
2.8	0.0607249
2.801	0.0606642
2.802	0.0606035
2.803	0.0605429
2.804	0.0604824
2.805	0.0604219
2.806	0.0603615
2.807	0.0603011
2.808	0.0602408
2.809	0.0601806
2.81	0.0601204
2.811	0.0600603
2.812	0.0600002
2.813	0.0599402
2.814	0.0598803
2.815	0.0598204
2.816	0.0597606
2.817	0.0597008
2.818	0.0596411
2.819	0.0595815
2.82	0.0595219
2.821	0.0594624
2.822	0.0594029
2.823	0.0593435
2.824	0.0592842
2.825	0.0592249
2.826	0.0591657
2.827	0.0591065
2.828	0.0590474
2.829	0.0589883
2.83	0.0589294
2.831	0.0588704
2.832	0.0588116
2.833	0.0587527
2.834	0.058694
2.835	0.0586353
2.836	0.0585767
2.837	0.0585181
2.838	0.0584596
2.839	0.0584011
2.84	0.0583427
2.841	0.0582844
2.842	0.0582261
2.843	0.0581679
2.844	0.0581097
2.845	0.0580516
2.846	0.0579935
2.847	0.0579355
2.848	0.0578776
2.849	0.0578197
2.85	0.0577619
2.851	0.0577041
2.852	0.0576464
2.853	0.0575888
2.854	0.0575312
2.855	0.0574737
2.856	0.0574162
2.857	0.0573588
2.858	0.0573014
2.859	0.0572441
2.86	0.0571869
2.861	0.0571297
2.862	0.0570726
2.863	0.0570155
2.864	0.0569585
2.865	0.0569015
2.866	0.0568446
2.867	0.0567878
2.868	0.056731
2.869	0.0566742
2.87	0.0566176
2.871	0.056561
2.872	0.0565044
2.873	0.0564479
2.874	0.0563914
2.875	0.056335
2.876	0.0562787
2.877	0.0562224
2.878	0.0561662
2.879	0.05611
2.88	0.0560539
2.881	0.0559979
2.882	0.0559419
2.883	0.0558859
2.884	0.0558301
2.885	0.0557742
2.886	0.0557184
2.887	0.0556627
2.888	0.0556071
2.889	0.0555515
2.89	0.0554959
2.891	0.0554404
2.892	0.055385
2.893	0.0553296
2.894	0.0552743
2.895	0.055219
2.896	0.0551638
2.897	0.0551086
2.898	0.0550535
2.899	0.0549984
2.9	0.0549434
2.901	0.0548885
2.902	0.0548336
2.903	0.0547788
2.904	0.054724
2.905	0.0546693
2.906	0.0546146
2.907	0.05456
2.908	0.0545054
2.909	0.0544509
2.91	0.0543965
2.911	0.0543421
2.912	0.0542877
2.913	0.0542334
2.914	0.0541792
2.915	0.054125
2.916	0.0540709
2.917	0.0540168
2.918	0.0539628
2.919	0.0539089
2.92	0.0538549
2.921	0.0538011
2.922	0.0537473
2.923	0.0536935
2.924	0.0536399
2.925	0.0535862
2.926	0.0535326
2.927	0.0534791
2.928	0.0534256
2.929	0.0533722
2.93	0.0533188
2.931	0.0532655
2.932	0.0532122
2.933	0.053159
2.934	0.0531059
2.935	0.0530528
2.936	0.0529997
2.937	0.0529467
2.938	0.0528938
2.939	0.0528409
2.94	0.052788
2.941	0.0527352
2.942	0.0526825
2.943	0.0526298
2.944	0.0525772
2.945	0.0525246
2.946	0.0524721
2.947	0.0524196
2.948	0.0523672
2.949	0.0523148
2.95	0.0522625
2.951	0.0522102
2.952	0.052158
2.953	0.0521059
2.954	0.0520538
2.955	0.0520017
2.956	0.0519497
2.957	0.0518978
2.958	0.0518459
2.959	0.051794
2.96	0.0517422
2.961	0.0516905
2.962	0.0516388
2.963	0.0515872
2.964	0.0515356
2.965	0.051484
2.966	0.0514326
2.967	0.0513811
2.968	0.0513297
2.969	0.0512784
2.97	0.0512271
2.971	0.0511759
2.972	0.0511247
2.973	0.0510736
2.974	0.0510225
2.975	0.0509715
2.976	0.0509205
2.977	0.0508696
2.978	0.0508187
2.979	0.0507679
2.98	0.0507172
2.981	0.0506664
2.982	0.0506158
2.983	0.0505652
2.984	0.0505146
2.985	0.0504641
2.986	0.0504136
2.987	0.0503632
2.988	0.0503128
2.989	0.0502625
2.99	0.0502123
2.991	0.0501621
2.992	0.0501119
2.993	0.0500618
2.994	0.0500117
2.995	0.0499617
2.996	0.0499117
2.997	0.0498618
2.998	0.049812
2.999	0.0497622
3	0.0497124
3.001	0.0496627
3.002	0.049613
3.003	0.0495634
3.004	0.0495138
3.005	0.0494643
3.006	0.0494149
3.007	0.0493654
3.008	0.0493161
3.009	0.0492668
3.01	0.0492175
3.011	0.0491683
3.012	0.0491191
3.013	0.04907
3.014	0.0490209
3.015	0.0489719
3.016	0.0489229
3.017	0.048874
3.018	0.0488251
3.019	0.0487763
3.02	0.0487275
3.021	0.0486788
3.022	0.0486301
3.023	0.0485815
3.024	0.0485329
3.025	0.0484844
3.026	0.0484359
3.027	0.0483875
3.028	0.0483391
3.029	0.0482907
3.03	0.0482424
3.031	0.0481942
3.032	0.048146
3.033	0.0480979
3.034	0.0480498
3.035	0.0480017
3.036	0.0479537
3.037	0.0479058
3.038	0.0478579
3.039	0.04781
3.04	0.0477622
3.041	0.0477144
3.042	0.0476667
3.043	0.047619
3.044	0.0475714
3.045	0.0475239
3.046	0.0474763
3.047	0.0474289
3.048	0.0473814
3.049	0.047334
3.05	0.0472867
3.051	0.0472394
3.052	0.0471922
3.053	0.047145
3.054	0.0470978
3.055	0.0470507
3.056	0.0470037
3.057	0.0469567
3.058	0.0469097
3.059	0.0468628
3.06	0.046816
3.061	0.0467691
3.062	0.0467224
3.063	0.0466757
3.064	0.046629
3.065	0.0465824
3.066	0.0465358
3.067	0.0464892
3.068	0.0464427
3.069	0.0463963
3.07	0.0463499
3.071	0.0463036
3.072	0.0462573
3.073	0.046211
3.074	0.0461648
3.075	0.0461186
3.076	0.0460725
3.077	0.0460264
3.078	0.0459804
3.079	0.0459344
3.08	0.0458885
3.081	0.0458426
3.082	0.0457968
3.083	0.045751
3.084	0.0457052
3.085	0.0456595
3.086	0.0456138
3.087	0.0455682
3.088	0.0455227
3.089	0.0454771
3.09	0.0454317
3.091	0.0453862
3.092	0.0453408
3.093	0.0452955
3.094	0.0452502
3.095	0.045205
3.096	0.0451598
3.097	0.0451146
3.098	0.0450695
3.099	0.0450244
3.1	0.0449794
3.101	0.0449344
3.102	0.0448895
3.103	0.0448446
3.104	0.0447997
3.105	0.0447549
3.106	0.0447102
3.107	0.0446655
3.108	0.0446208
3.109	0.0445762
3.11	0.0445316
3.111	0.0444871
3.112	0.0444426
3.113	0.0443981
3.114	0.0443537
3.115	0.0443094
3.116	0.0442651
3.117	0.0442208
3.118	0.0441766
3.119	0.0441324
3.12	0.0440883
3.121	0.0440442
3.122	0.0440002
3.123	0.0439562
3.124	0.0439122
3.125	0.0438683
3.126	0.0438244
3.127	0.0437806
3.128	0.0437368
3.129	0.0436931
3.13	0.0436494
3.131	0.0436057
3.132	0.0435621
3.133	0.0435186
3.134	0.0434751
3.135	0.0434316
3.136	0.0433881
3.137	0.0433448
3.138	0.0433014
3.139	0.0432581
3.14	0.0432149
3.141	0.0431716
3.142	0.0431285
3.143	0.0430853
3.144	0.0430423
3.145	0.0429992
3.146	0.0429562
3.147	0.0429133
3.148	0.0428703
3.149	0.0428275
3.15	0.0427846
3.151	0.0427419
3.152	0.0426991
3.153	0.0426564
3.154	0.0426138
3.155	0.0425711
3.156	0.0425286
3.157	0.042486
3.158	0.0424436
3.159	0.0424011
3.16	0.0423587
3.161	0.0423164
3.162	0.042274
3.163	0.0422318
3.164	0.0421895
3.165	0.0421473
3.166	0.0421052
3.167	0.0420631
3.168	0.042021
3.169	0.041979
3.17	0.041937
3.171	0.0418951
3.172	0.0418532
3.173	0.0418113
3.174	0.0417695
3.175	0.0417278
3.176	0.041686
3.177	0.0416444
3.178	0.0416027
3.179	0.0415611
3.18	0.0415195
3.181	0.041478
3.182	0.0414365
3.183	0.0413951
3.184	0.0413537
3.185	0.0413124
3.186	0.041271
3.187	0.0412298
3.188	0.0411885
3.189	0.0411474
3.19	0.0411062
3.191	0.0410651
3.192	0.041024
3.193	0.040983
3.194	0.040942
3.195	0.0409011
3.196	0.0408602
3.197	0.0408193
3.198	0.0407785
3.199	0.0407377
3.2	0.040697
3.201	0.0406563
3.202	0.0406156
3.203	0.040575
3.204	0.0405344
3.205	0.0404939
3.206	0.0404534
3.207	0.040413
3.208	0.0403726
3.209	0.0403322
3.21	0.0402918
3.211	0.0402516
3.212	0.0402113
3.213	0.0401711
3.214	0.0401309
3.215	0.0400908
3.216	0.0400507
3.217	0.0400107
3.218	0.0399706
3.219	0.0399307
3.22	0.0398907
3.221	0.0398508
3.222	0.039811
3.223	0.0397712
3.224	0.0397314
3.225	0.0396917
3.226	0.039652
3.227	0.0396123
3.228	0.0395727
3.229	0.0395332
3.23	0.0394936
3.231	0.0394541
3.232	0.0394147
3.233	0.0393753
3.234	0.0393359
3.235	0.0392965
3.236	0.0392573
3.237	0.039218
3.238	0.0391788
3.239	0.0391396
3.24	0.0391005
3.241	0.0390614
3.242	0.0390223
3.243	0.0389833
3.244	0.0389443
3.245	0.0389053
3.246	0.0388664
3.247	0.0388276
3.248	0.0387887
3.249	0.03875
3.25	0.0387112
3.251	0.0386725
3.252	0.0386338
3.253	0.0385952
3.254	0.0385566
3.255	0.038518
3.256	0.0384795
3.257	0.038441
3.258	0.0384026
3.259	0.0383642
3.26	0.0383258
3.261	0.0382875
3.262	0.0382492
3.263	0.038211
3.264	0.0381728
3.265	0.0381346
3.266	0.0380965
3.267	0.0380584
3.268	0.0380203
3.269	0.0379823
3.27	0.0379443
3.271	0.0379064
3.272	0.0378684
3.273	0.0378306
3.274	0.0377927
3.275	0.037755
3.276	0.0377172
3.277	0.0376795
3.278	0.0376418
3.279	0.0376042
3.28	0.0375666
3.281	0.037529
3.282	0.0374915
3.283	0.037454
3.284	0.0374165
3.285	0.0373791
3.286	0.0373417
3.287	0.0373044
3.288	0.0372671
3.289	0.0372298
3.29	0.0371926
3.291	0.0371554
3.292	0.0371182
3.293	0.0370811
3.294	0.037044
3.295	0.037007
3.296	0.03697
3.297	0.036933
3.298	0.0368961
3.299	0.0368592
3.3	0.0368223
3.301	0.0367855
3.302	0.0367487
3.303	0.036712
3.304	0.0366753
3.305	0.0366386
3.306	0.0366019
3.307	0.0365653
3.308	0.0365288
3.309	0.0364922
3.31	0.0364557
3.311	0.0364193
3.312	0.0363829
3.313	0.0363465
3.314	0.0363101
3.315	0.0362738
3.316	0.0362376
3.317	0.0362013
3.318	0.0361651
3.319	0.036129
3.32	0.0360928
3.321	0.0360567
3.322	0.0360207
3.323	0.0359847
3.324	0.0359487
3.325	0.0359127
3.326	0.0358768
3.327	0.0358409
3.328	0.0358051
3.329	0.0357693
3.33	0.0357335
3.331	0.0356978
3.332	0.0356621
3.333	0.0356264
3.334	0.0355908
3.335	0.0355552
3.336	0.0355197
3.337	0.0354841
3.338	0.0354486
3.339	0.0354132
3.34	0.0353778
3.341	0.0353424
3.342	0.0353071
3.343	0.0352718
3.344	0.0352365
3.345	0.0352013
3.346	0.0351661
3.347	0.0351309
3.348	0.0350958
3.349	0.0350607
3.35	0.0350256
3.351	0.0349906
3.352	0.0349556
3.353	0.0349206
3.354	0.0348857
3.355	0.0348508
3.356	0.034816
3.357	0.0347812
3.358	0.0347464
3.359	0.0347116
3.36	0.0346769
3.361	0.0346422
3.362	0.0346076
3.363	0.034573
3.364	0.0345384
3.365	0.0345039
3.366	0.0344694
3.367	0.0344349
3.368	0.0344005
3.369	0.0343661
3.37	0.0343317
3.371	0.0342974
3.372	0.0342631
3.373	0.0342288
3.374	0.0341946
3.375	0.0341604
3.376	0.0341262
3.377	0.0340921
3.378	0.034058
3.379	0.0340239
3.38	0.0339899
3.381	0.0339559
3.382	0.033922
3.383	0.0338881
3.384	0.0338542
3.385	0.0338203
3.386	0.0337865
3.387	0.0337527
3.388	0.033719
3.389	0.0336852
3.39	0.0336516
3.391	0.0336179
3.392	0.0335843
3.393	0.0335507
3.394	0.0335171
3.395	0.0334836
3.396	0.0334501
3.397	0.0334167
3.398	0.0333833
3.399	0.0333499
3.4	0.0333165
3.401	0.0332832
3.402	0.0332499
3.403	0.0332167
3.404	0.0331835
3.405	0.0331503
3.406	0.0331171
3.407	0.033084
3.408	0.0330509
3.409	0.0330179
3.41	0.0329849
3.411	0.0329519
3.412	0.0329189
3.413	0.032886
3.414	0.0328531
3.415	0.0328203
3.416	0.0327875
3.417	0.0327547
3.418	0.0327219
3.419	0.0326892
3.42	0.0326565
3.421	0.0326239
3.422	0.0325912
3.423	0.0325586
3.424	0.0325261
3.425	0.0324936
3.426	0.0324611
3.427	0.0324286
3.428	0.0323962
3.429	0.0323638
3.43	0.0323314
3.431	0.0322991
3.432	0.0322668
3.433	0.0322345
3.434	0.0322023
3.435	0.0321701
3.436	0.0321379
3.437	0.0321058
3.438	0.0320737
3.439	0.0320416
3.44	0.0320095
3.441	0.0319775
3.442	0.0319456
3.443	0.0319136
3.444	0.0318817
3.445	0.0318498
3.446	0.031818
3.447	0.0317861
3.448	0.0317544
3.449	0.0317226
3.45	0.0316909
3.451	0.0316592
3.452	0.0316275
3.453	0.0315959
3.454	0.0315643
3.455	0.0315327
3.456	0.0315012
3.457	0.0314697
3.458	0.0314382
3.459	0.0314068
3.46	0.0313754
3.461	0.031344
3.462	0.0313127
3.463	0.0312814
3.464	0.0312501
3.465	0.0312188
3.466	0.0311876
3.467	0.0311564
3.468	0.0311253
3.469	0.0310941
3.47	0.0310631
3.471	0.031032
3.472	0.031001
3.473	0.03097
3.474	0.030939
3.475	0.030908
3.476	0.0308771
3.477	0.0308463
3.478	0.0308154
3.479	0.0307846
3.48	0.0307538
3.481	0.0307231
3.482	0.0306923
3.483	0.0306616
3.484	0.030631
3.485	0.0306004
3.486	0.0305698
3.487	0.0305392
3.488	0.0305086
3.489	0.0304781
3.49	0.0304477
3.491	0.0304172
3.492	0.0303868
3.493	0.0303564
3.494	0.0303261
3.495	0.0302957
3.496	0.0302654
3.497	0.0302352
3.498	0.0302049
3.499	0.0301747
3.5	0.0301445
3.501	0.0301144
3.502	0.0300843
3.503	0.0300542
3.504	0.0300242
3.505	0.0299941
3.506	0.0299641
3.507	0.0299342
3.508	0.0299042
3.509	0.0298743
3.51	0.0298445
3.511	0.0298146
3.512	0.0297848
3.513	0.029755
3.514	0.0297253
3.515	0.0296955
3.516	0.0296658
3.517	0.0296362
3.518	0.0296065
3.519	0.0295769
3.52	0.0295474
3.521	0.0295178
3.522	0.0294883
3.523	0.0294588
3.524	0.0294293
3.525	0.0293999
3.526	0.0293705
3.527	0.0293411
3.528	0.0293118
3.529	0.0292825
3.53	0.0292532
3.531	0.029224
3.532	0.0291947
3.533	0.0291655
3.534	0.0291364
3.535	0.0291072
3.536	0.0290781
3.537	0.029049
3.538	0.02902
3.539	0.028991
3.54	0.028962
3.541	0.028933
3.542	0.0289041
3.543	0.0288752
3.544	0.0288463
3.545	0.0288175
3.546	0.0287886
3.547	0.0287599
3.548	0.0287311
3.549	0.0287024
3.55	0.0286737
3.551	0.028645
3.552	0.0286163
3.553	0.0285877
3.554	0.0285591
3.555	0.0285306
3.556	0.0285021
3.557	0.0284736
3.558	0.0284451
3.559	0.0284166
3.56	0.0283882
3.561	0.0283598
3.562	0.0283315
3.563	0.0283031
3.564	0.0282748
3.565	0.0282466
3.566	0.0282183
3.567	0.0281901
3.568	0.0281619
3.569	0.0281337
3.57	0.0281056
3.571	0.0280775
3.572	0.0280494
3.573	0.0280214
3.574	0.0279934
3.575	0.0279654
3.576	0.0279374
3.577	0.0279095
3.578	0.0278815
3.579	0.0278537
3.58	0.0278258
3.581	0.027798
3.582	0.0277702
3.583	0.0277424
3.584	0.0277147
3.585	0.027687
3.586	0.0276593
3.587	0.0276316
3.588	0.027604
3.589	0.0275764
3.59	0.0275488
3.591	0.0275213
3.592	0.0274937
3.593	0.0274662
3.594	0.0274388
3.595	0.0274113
3.596	0.0273839
3.597	0.0273565
3.598	0.0273292
3.599	0.0273019
3.6	0.0272746
3.601	0.0272473
3.602	0.02722
3.603	0.0271928
3.604	0.0271656
3.605	0.0271385
3.606	0.0271113
3.607	0.0270842
3.608	0.0270571
3.609	0.0270301
3.61	0.027003
3.611	0.026976
3.612	0.0269491
3.613	0.0269221
3.614	0.0268952
3.615	0.0268683
3.616	0.0268414
3.617	0.0268146
3.618	0.0267878
3.619	0.026761
3.62	0.0267342
3.621	0.0267075
3.622	0.0266808
3.623	0.0266541
3.624	0.0266274
3.625	0.0266008
3.626	0.0265742
3.627	0.0265476
3.628	0.0265211
3.629	0.0264946
3.63	0.0264681
3.631	0.0264416
3.632	0.0264152
3.633	0.0263887
3.634	0.0263624
3.635	0.026336
3.636	0.0263097
3.637	0.0262833
3.638	0.0262571
3.639	0.0262308
3.64	0.0262046
3.641	0.0261784
3.642	0.0261522
3.643	0.026126
3.644	0.0260999
3.645	0.0260738
3.646	0.0260477
3.647	0.0260217
3.648	0.0259957
3.649	0.0259697
3.65	0.0259437
3.651	0.0259178
3.652	0.0258918
3.653	0.025866
3.654	0.0258401
3.655	0.0258142
3.656	0.0257884
3.657	0.0257626
3.658	0.0257369
3.659	0.0257111
3.66	0.0256854
3.661	0.0256597
3.662	0.0256341
3.663	0.0256085
3.664	0.0255828
3.665	0.0255573
3.666	0.0255317
3.667	0.0255062
3.668	0.0254807
3.669	0.0254552
3.67	0.0254297
3.671	0.0254043
3.672	0.0253789
3.673	0.0253535
3.674	0.0253282
3.675	0.0253028
3.676	0.0252775
3.677	0.0252523
3.678	0.025227
3.679	0.0252018
3.68	0.0251766
3.681	0.0251514
3.682	0.0251262
3.683	0.0251011
3.684	0.025076
3.685	0.0250509
3.686	0.0250259
3.687	0.0250009
3.688	0.0249759
3.689	0.0249509
3.69	0.0249259
3.691	0.024901
3.692	0.0248761
3.693	0.0248512
3.694	0.0248264
3.695	0.0248016
3.696	0.0247768
3.697	0.024752
3.698	0.0247272
3.699	0.0247025
3.7	0.0246778
3.701	0.0246531
3.702	0.0246285
3.703	0.0246038
3.704	0.0245792
3.705	0.0245547
3.706	0.0245301
3.707	0.0245056
3.708	0.0244811
3.709	0.0244566
3.71	0.0244321
3.711	0.0244077
3.712	0.0243833
3.713	0.0243589
3.714	0.0243345
3.715	0.0243102
3.716	0.0242859
3.717	0.0242616
3.718	0.0242374
3.719	0.0242131
3.72	0.0241889
3.721	0.0241647
3.722	0.0241406
3.723	0.0241164
3.724	0.0240923
3.725	0.0240682
3.726	0.0240441
3.727	0.0240201
3.728	0.0239961
3.729	0.0239721
3.73	0.0239481
3.731	0.0239242
3.732	0.0239002
3.733	0.0238763
3.734	0.0238525
3.735	0.0238286
3.736	0.0238048
3.737	0.023781
3.738	0.0237572
3.739	0.0237334
3.74	0.0237097
3.741	0.023686
3.742	0.0236623
3.743	0.0236386
3.744	0.023615
3.745	0.0235914
3.746	0.0235678
3.747	0.0235442
3.748	0.0235207
3.749	0.0234972
3.75	0.0234737
3.751	0.0234502
3.752	0.0234267
3.753	0.0234033
3.754	0.0233799
3.755	0.0233565
3.756	0.0233332
3.757	0.0233098
3.758	0.0232865
3.759	0.0232632
3.76	0.02324
3.761	0.0232167
3.762	0.0231935
3.763	0.0231703
3.764	0.0231472
3.765	0.023124
3.766	0.0231009
3.767	0.0230778
3.768	0.0230547
3.769	0.0230317
3.77	0.0230086
3.771	0.0229856
3.772	0.0229626
3.773	0.0229397
3.774	0.0229167
3.775	0.0228938
3.776	0.0228709
3.777	0.022848
3.778	0.0228252
3.779	0.0228024
3.78	0.0227796
3.781	0.0227568
3.782	0.022734
3.783	0.0227113
3.784	0.0226886
3.785	0.0226659
3.786	0.0226432
3.787	0.0226206
3.788	0.022598
3.789	0.0225754
3.79	0.0225528
3.791	0.0225302
3.792	0.0225077
3.793	0.0224852
3.794	0.0224627
3.795	0.0224403
3.796	0.0224178
3.797	0.0223954
3.798	0.022373
3.799	0.0223506
3.8	0.0223283
3.801	0.022306
3.802	0.0222836
3.803	0.0222614
3.804	0.0222391
3.805	0.0222169
3.806	0.0221946
3.807	0.0221724
3.808	0.0221503
3.809	0.0221281
3.81	0.022106
3.811	0.0220839
3.812	0.0220618
3.813	0.0220397
3.814	0.0220177
3.815	0.0219957
3.816	0.0219737
3.817	0.0219517
3.818	0.0219298
3.819	0.0219078
3.82	0.0218859
3.821	0.021864
3.822	0.0218422
3.823	0.0218203
3.824	0.0217985
3.825	0.0217767
3.826	0.0217549
3.827	0.0217332
3.828	0.0217115
3.829	0.0216897
3.83	0.0216681
3.831	0.0216464
3.832	0.0216247
3.833	0.0216031
3.834	0.0215815
3.835	0.0215599
3.836	0.0215384
3.837	0.0215168
3.838	0.0214953
3.839	0.0214738
3.84	0.0214523
3.841	0.0214309
3.842	0.0214095
3.843	0.0213881
3.844	0.0213667
3.845	0.0213453
3.846	0.021324
3.847	0.0213026
3.848	0.0212813
3.849	0.02126
3.85	0.0212388
3.851	0.0212175
3.852	0.0211963
3.853	0.0211751
3.854	0.021154
3.855	0.0211328
3.856	0.0211117
3.857	0.0210906
3.858	0.0210695
3.859	0.0210484
3.86	0.0210274
3.861	0.0210063
3.862	0.0209853
3.863	0.0209643
3.864	0.0209434
3.865	0.0209224
3.866	0.0209015
3.867	0.0208806
3.868	0.0208597
3.869	0.0208389
3.87	0.020818
3.871	0.0207972
3.872	0.0207764
3.873	0.0207556
3.874	0.0207349
3.875	0.0207141
3.876	0.0206934
3.877	0.0206727
3.878	0.0206521
3.879	0.0206314
3.88	0.0206108
3.881	0.0205902
3.882	0.0205696
3.883	0.020549
3.884	0.0205285
3.885	0.0205079
3.886	0.0204874
3.887	0.0204669
3.888	0.0204465
3.889	0.020426
3.89	0.0204056
3.891	0.0203852
3.892	0.0203648
3.893	0.0203444
3.894	0.0203241
3.895	0.0203038
3.896	0.0202835
3.897	0.0202632
3.898	0.0202429
3.899	0.0202227
3.9	0.0202025
3.901	0.0201822
3.902	0.0201621
3.903	0.0201419
3.904	0.0201218
3.905	0.0201016
3.906	0.0200815
3.907	0.0200615
3.908	0.0200414
3.909	0.0200214
3.91	0.0200013
3.911	0.0199813
3.912	0.0199614
3.913	0.0199414
3.914	0.0199214
3.915	0.0199015
3.916	0.0198816
3.917	0.0198617
3.918	0.0198419
3.919	0.019822
3.92	0.0198022
3.921	0.0197824
3.922	0.0197626
3.923	0.0197429
3.924	0.0197231
3.925	0.0197034
3.926	0.0196837
3.927	0.019664
3.928	0.0196444
3.929	0.0196247
3.93	0.0196051
3.931	0.0195855
3.932	0.0195659
3.933	0.0195463
3.934	0.0195268
3.935	0.0195073
3.936	0.0194877
3.937	0.0194683
3.938	0.0194488
3.939	0.0194293
3.94	0.0194099
3.941	0.0193905
3.942	0.0193711
3.943	0.0193517
3.944	0.0193324
3.945	0.0193131
3.946	0.0192937
3.947	0.0192745
3.948	0.0192552
3.949	0.0192359
3.95	0.0192167
3.951	0.0191975
3.952	0.0191783
3.953	0.0191591
3.954	0.0191399
3.955	0.0191208
3.956	0.0191017
3.957	0.0190826
3.958	0.0190635
3.959	0.0190444
3.96	0.0190254
3.961	0.0190064
3.962	0.0189873
3.963	0.0189684
3.964	0.0189494
3.965	0.0189304
3.966	0.0189115
3.967	0.0188926
3.968	0.0188737
3.969	0.0188548
3.97	0.018836
3.971	0.0188171
3.972	0.0187983
3.973	0.0187795
3.974	0.0187608
3.975	0.018742
3.976	0.0187232
3.977	0.0187045
3.978	0.0186858
3.979	0.0186671
3.98	0.0186485
3.981	0.0186298
3.982	0.0186112
3.983	0.0185926
3.984	0.018574
3.985	0.0185554
3.986	0.0185369
3.987	0.0185183
3.988	0.0184998
3.989	0.0184813
3.99	0.0184628
3.991	0.0184444
3.992	0.0184259
3.993	0.0184075
3.994	0.0183891
3.995	0.0183707
3.996	0.0183523
3.997	0.018334
3.998	0.0183156
3.999	0.0182973
4	0.018279
4.001	0.0182607
4.002	0.0182425
4.003	0.0182242
4.004	0.018206
4.005	0.0181878
4.006	0.0181696
4.007	0.0181514
4.008	0.0181333
4.009	0.0181152
4.01	0.018097
4.011	0.018079
4.012	0.0180609
4.013	0.0180428
4.014	0.0180248
4.015	0.0180067
4.016	0.0179887
4.017	0.0179708
4.018	0.0179528
4.019	0.0179348
4.02	0.0179169
4.021	0.017899
4.022	0.0178811
4.023	0.0178632
4.024	0.0178453
4.025	0.0178275
4.026	0.0178097
4.027	0.0177918
4.028	0.0177741
4.029	0.0177563
4.03	0.0177385
4.031	0.0177208
4.032	0.0177031
4.033	0.0176854
4.034	0.0176677
4.035	0.01765
4.036	0.0176324
4.037	0.0176147
4.038	0.0175971
4.039	0.0175795
4.04	0.0175619
4.041	0.0175444
4.042	0.0175268
4.043	0.0175093
4.044	0.0174918
4.045	0.0174743
4.046	0.0174568
4.047	0.0174394
4.048	0.0174219
4.049	0.0174045
4.05	0.0173871
4.051	0.0173697
4.052	0.0173523
4.053	0.017335
4.054	0.0173177
4.055	0.0173003
4.056	0.017283
4.057	0.0172658
4.058	0.0172485
4.059	0.0172312
4.06	0.017214
4.061	0.0171968
4.062	0.0171796
4.063	0.0171624
4.064	0.0171453
4.065	0.0171281
4.066	0.017111
4.067	0.0170939
4.068	0.0170768
4.069	0.0170597
4.07	0.0170426
4.071	0.0170256
4.072	0.0170086
4.073	0.0169916
4.074	0.0169746
4.075	0.0169576
4.076	0.0169406
4.077	0.0169237
4.078	0.0169068
4.079	0.0168899
4.08	0.016873
4.081	0.0168561
4.082	0.0168393
4.083	0.0168224
4.084	0.0168056
4.085	0.0167888
4.086	0.016772
4.087	0.0167552
4.088	0.0167385
4.089	0.0167217
4.09	0.016705
4.091	0.0166883
4.092	0.0166716
4.093	0.0166549
4.094	0.0166383
4.095	0.0166217
4.096	0.016605
