0	0	0	0	20	0	2
0.008	0.159829	-0.00319616	0.0159872	19.9521	-0.798508	1.9968
0.016	0.319148	-0.0127659	0.0319489	19.8723	-1.59319	1.99361
0.024	0.477703	-0.0286736	0.047885	19.7611	-2.38278	1.99042
0.032	0.635242	-0.0508735	0.0637956	19.6186	-3.16604	1.98724
0.04	0.791518	-0.07931	0.0796809	19.4451	-3.94173	1.98406
0.048	0.946283	-0.113918	0.0955407	19.2412	-4.70863	1.98089
0.056	1.0993	-0.154621	0.111375	19.007	-5.46555	1.97772
0.064	1.25032	-0.201337	0.127184	18.7433	-6.21132	1.97456
0.072	1.39911	-0.25397	0.142968	18.4503	-6.94476	1.97141
0.08	1.54545	-0.312417	0.158727	18.1288	-7.66474	1.96825
0.088	1.6891	-0.376567	0.17446	17.7793	-8.37017	1.96511
0.096	1.82984	-0.446298	0.190169	17.4025	-9.05995	1.96197
0.104	1.96747	-0.521481	0.205852	16.9991	-9.73304	1.95883
0.112	2.10176	-0.601979	0.22151	16.5698	-10.3884	1.9557
0.12	2.23252	-0.687646	0.237143	16.1153	-11.025	1.95257
0.128	2.35954	-0.778328	0.252751	15.6365	-11.642	1.94945
0.136	2.48264	-0.873863	0.268334	15.1342	-12.2384	1.94633
0.144	2.60162	-0.974085	0.283892	14.6093	-12.8133	1.94322
0.152	2.71633	-1.07882	0.299426	14.0627	-13.3659	1.94011
0.16	2.82657	-1.18788	0.314934	13.4953	-13.8953	1.93701
0.168	2.9322	-1.30108	0.330418	12.9082	-14.4008	1.93392
0.176	3.03305	-1.41822	0.345877	12.3023	-14.8816	1.93082
0.184	3.12899	-1.53912	0.361311	11.6786	-15.3371	1.92774
0.192	3.21987	-1.66355	0.376721	11.0383	-15.7666	1.92466
0.2	3.30556	-1.79131	0.392106	10.3823	-16.1695	1.92158
0.208	3.38594	-1.92219	0.407466	9.71187	-16.5453	1.91851
0.216	3.46091	-2.05596	0.422802	9.02801	-16.8934	1.91544
0.224	3.53036	-2.19241	0.438113	8.33189	-17.2133	1.91238
0.232	3.59419	-2.3313	0.4534	7.62467	-17.5047	1.90932
0.24	3.65233	-2.47241	0.468662	6.90751	-17.7672	1.90627
0.248	3.70469	-2.61549	0.4839	6.18159	-18.0004	1.90322
0.256	3.75121	-2.76033	0.499114	5.4481	-18.204	1.90018
0.264	3.79184	-2.90668	0.514303	4.70823	-18.3779	1.89714
0.272	3.82653	-3.0543	0.529468	3.9632	-18.5218	1.89411
0.28	3.85524	-3.20295	0.544609	3.21421	-18.6356	1.89108
0.288	3.87795	-3.35239	0.559725	2.46247	-18.7193	1.88805
0.296	3.89464	-3.50238	0.574818	1.70919	-18.7727	1.88504
0.304	3.9053	-3.65267	0.589886	0.955588	-18.796	1.88202
0.312	3.90993	-3.80303	0.60493	0.202861	-18.789	1.87901
0.32	3.90855	-3.95322	0.61995	-0.547785	-18.7521	1.87601
0.328	3.90117	-4.10298	0.634946	-1.29516	-18.6853	1.87301
0.336	3.88784	-4.2521	0.649918	-2.03807	-18.5888	1.87002
0.344	3.86858	-4.40033	0.664866	-2.77535	-18.4628	1.86703
0.352	3.84345	-4.54743	0.679791	-3.50583	-18.3078	1.86404
0.36	3.81251	-4.69317	0.694691	-4.22837	-18.1239	1.86106
0.368	3.77582	-4.83733	0.709568	-4.94184	-17.9116	1.85809
0.376	3.73347	-4.97969	0.72442	-5.64512	-17.6714	1.85512
0.384	3.68553	-5.12	0.739249	-6.33712	-17.4036	1.85215
0.392	3.6321	-5.25807	0.754055	-7.01678	-17.1089	1.84919
0.4	3.5733	-5.39368	0.768837	-7.68304	-16.7877	1.84623
0.408	3.50921	-5.52661	0.783595	-8.33488	-16.4408	1.84328
0.416	3.43998	-5.65666	0.798329	-8.9713	-16.0686	1.84033
0.424	3.36572	-5.78364	0.81304	-9.59134	-15.6719	1.83739
0.432	3.28656	-5.90735	0.827727	-10.194	-15.2514	1.83445
0.44	3.20266	-6.0276	0.842391	-10.7785	-14.8078	1.83152
0.448	3.11416	-6.14421	0.857032	-11.3439	-14.342	1.82859
0.456	3.02121	-6.25701	0.871649	-11.8893	-13.8547	1.82567
0.464	2.92399	-6.36583	0.886242	-12.414	-13.3468	1.82275
0.472	2.82265	-6.47051	0.900813	-12.9171	-12.8191	1.81984
0.48	2.71737	-6.57089	0.91536	-13.3979	-12.2727	1.81693
0.488	2.60834	-6.66682	0.929884	-13.8558	-11.7083	1.81402
0.496	2.49574	-6.75818	0.944384	-14.29	-11.1271	1.81112
0.504	2.37977	-6.84481	0.958862	-14.7	-10.5299	1.80823
0.512	2.26061	-6.92661	0.973316	-15.0852	-9.91772	1.80534
0.52	2.13847	-7.00346	0.987747	-15.445	-9.29166	1.80245
0.528	2.01356	-7.07525	1.00216	-15.7789	-8.65274	1.79957
0.536	1.88608	-7.14187	1.01654	-16.0866	-8.00201	1.79669
0.544	1.75624	-7.20325	1.0309	-16.3675	-7.34056	1.79382
0.552	1.62427	-7.2593	1.04524	-16.6213	-6.66949	1.79095
0.56	1.49037	-7.30994	1.05956	-16.8478	-5.98989	1.78809
0.568	1.35478	-7.35511	1.07385	-17.0465	-5.30287	1.78523
0.576	1.2177	-7.39477	1.08812	-17.2174	-4.60957	1.78238
0.584	1.07938	-7.42885	1.10237	-17.3601	-3.91111	1.77953
0.592	0.940018	-7.45734	1.11659	-17.4747	-3.20862	1.77668
0.6	0.799856	-7.48018	1.1308	-17.5609	-2.50325	1.77384
0.608	0.659119	-7.49738	1.14498	-17.6187	-1.79612	1.771
0.616	0.518032	-7.50892	1.15913	-17.6482	-1.08838	1.76817
0.624	0.376823	-7.5148	1.17327	-17.6494	-0.381157	1.76535
0.632	0.235718	-7.51502	1.18738	-17.6223	0.324415	1.76252
0.64	0.0949421	-7.50961	1.20147	-17.5671	1.02721	1.75971
0.648	-0.0452805	-7.4986	1.21553	-17.4839	1.72612	1.75689
0.656	-0.184727	-7.48201	1.22958	-17.3731	2.42004	1.75408
0.664	-0.323177	-7.45989	1.2436	-17.2348	3.10786	1.75128
0.672	-0.460412	-7.4323	1.2576	-17.0694	3.78852	1.74848
0.68	-0.596216	-7.3993	1.27157	-16.8773	4.46094	1.74569
0.688	-0.730378	-7.36095	1.28553	-16.6587	5.12408	1.74289
0.696	-0.862686	-7.31734	1.29946	-16.4142	5.7769	1.74011
0.704	-0.992936	-7.26855	1.31337	-16.1442	6.41839	1.73733
0.712	-1.12093	-7.21468	1.32726	-15.8492	7.04757	1.73455
0.72	-1.24646	-7.15583	1.34112	-15.5298	7.66346	1.73178
0.728	-1.36934	-7.0921	1.35497	-15.1866	8.26512	1.72901
0.736	-1.48938	-7.02363	1.36879	-14.8203	8.85164	1.72624
0.744	-1.6064	-6.95052	1.38259	-14.4313	9.42213	1.72348
0.752	-1.72023	-6.87292	1.39636	-14.0205	9.97571	1.72073
0.76	-1.83068	-6.79096	1.41012	-13.5886	10.5116	1.71798
0.768	-1.93759	-6.70478	1.42385	-13.1364	11.0289	1.71523
0.776	-2.04081	-6.61454	1.43756	-12.6646	11.5269	1.71249
0.784	-2.14017	-6.5204	1.45125	-12.174	12.0049	1.70975
0.792	-2.23554	-6.42252	1.46492	-11.6655	12.4622	1.70702
0.8	-2.32678	-6.32106	1.47856	-11.14	12.8981	1.70429
0.808	-2.41374	-6.21621	1.49219	-10.5983	13.3119	1.70156
0.816	-2.49631	-6.10813	1.50579	-10.0414	13.7032	1.69884
0.824	-2.57436	-5.99702	1.51937	-9.47023	14.0712	1.69613
0.832	-2.6478	-5.88306	1.53293	-8.88573	14.4156	1.69341
0.84	-2.7165	-5.76644	1.54646	-8.28888	14.7358	1.69071
0.848	-2.78039	-5.64735	1.55998	-7.68067	15.0314	1.688
0.856	-2.83937	-5.526	1.57347	-7.06213	15.302	1.68531
0.864	-2.89336	-5.40259	1.58694	-6.43426	15.5473	1.68261
0.872	-2.94229	-5.27731	1.60039	-5.7981	15.7669	1.67992
0.88	-2.98611	-5.15038	1.61382	-5.1547	15.9606	1.67724
0.888	-3.02475	-5.02201	1.62723	-4.50511	16.1282	1.67455
0.896	-3.05818	-4.8924	1.64061	-3.85038	16.2694	1.67188
0.904	-3.08635	-4.76177	1.65398	-3.19159	16.3841	1.6692
0.912	-3.10923	-4.63033	1.66732	-2.5298	16.4722	1.66654
0.92	-3.12682	-4.49829	1.68064	-1.86608	16.5337	1.66387
0.928	-3.13909	-4.36586	1.69394	-1.20149	16.5686	1.66121
0.936	-3.14604	-4.23326	1.70722	-0.537097	16.5769	1.65856
0.944	-3.14768	-4.1007	1.72048	0.126028	16.5586	1.6559
0.952	-3.14403	-3.96839	1.73372	0.786833	16.5138	1.65326
0.96	-3.1351	-3.83655	1.74693	1.44427	16.4428	1.65061
0.968	-3.12093	-3.70538	1.76013	2.09729	16.3457	1.64797
0.976	-3.10156	-3.57509	1.7733	2.74488	16.2228	1.64534
0.984	-3.07703	-3.44588	1.78645	3.386	16.0743	1.64271
0.992	-3.04741	-3.31797	1.79958	4.01966	15.9006	1.64008
1	-3.01274	-3.19154	1.81269	4.64486	15.702	1.63746
1.008	-2.97311	-3.0668	1.82578	5.26063	15.4789	1.63484
1.016	-2.9286	-2.94394	1.83885	5.86602	15.2318	1.63223
1.024	-2.87929	-2.82315	1.8519	6.46009	14.9611	1.62962
1.032	-2.82527	-2.70462	1.86492	7.04193	14.6673	1.62702
1.04	-2.76665	-2.58854	1.87793	7.61065	14.351	1.62441
1.048	-2.70354	-2.47507	1.89091	8.16537	14.0127	1.62182
1.056	-2.63604	-2.36439	1.90388	8.70526	13.6531	1.61922
1.064	-2.5643	-2.25667	1.91682	9.2295	13.2728	1.61664
1.072	-2.48842	-2.15208	1.92974	9.73729	12.8725	1.61405
1.08	-2.40854	-2.05076	1.94265	10.2279	12.4529	1.61147
1.088	-2.32482	-1.95288	1.95553	10.7006	12.0147	1.60889
1.096	-2.23739	-1.85858	1.96839	11.1546	11.5586	1.60632
1.104	-2.1464	-1.76799	1.98123	11.5893	11.0856	1.60375
1.112	-2.05201	-1.68125	1.99405	12.0041	10.5963	1.60119
1.12	-1.95438	-1.59849	2.00685	12.3984	10.0916	1.59863
1.128	-1.85369	-1.51982	2.01963	12.7716	9.57242	1.59607
1.136	-1.7501	-1.44537	2.03239	13.1232	9.03956	1.59352
1.144	-1.64378	-1.37522	2.04512	13.4526	8.49394	1.59098
1.152	-1.53491	-1.3095	2.05784	13.7595	7.93647	1.58843
1.16	-1.42369	-1.24827	2.07054	14.0434	7.36809	1.58589
1.168	-1.31028	-1.19163	2.08322	14.3039	6.78974	1.58336
1.176	-1.19489	-1.13966	2.09587	14.5407	6.20237	1.58083
1.184	-1.0777	-1.09242	2.10851	14.7535	5.60696	1.5783
1.192	-0.958898	-1.04997	2.12113	14.9419	5.00448	1.57577
1.2	-0.83869	-1.01236	2.13372	15.1059	4.39592	1.57326
1.208	-0.717269	-0.979645	2.1463	15.2452	3.78227	1.57074
1.216	-0.594833	-0.951855	2.15885	15.3597	3.16453	1.56823
1.224	-0.47158	-0.929021	2.17139	15.4492	2.54371	1.56572
1.232	-0.347712	-0.911162	2.1839	15.5137	1.92079	1.56322
1.24	-0.223427	-0.898291	2.1964	15.5532	1.29679	1.56072
1.248	-0.0989269	-0.890413	2.20888	15.5677	0.672717	1.55822
1.256	0.0255896	-0.887525	2.22133	15.5573	0.0495569	1.55573
1.264	0.149923	-0.889615	2.23377	15.5219	-0.571692	1.55325
1.272	0.273875	-0.896664	2.24618	15.4619	-1.19004	1.55076
1.28	0.397248	-0.908645	2.25858	15.3773	-1.80451	1.54828
1.288	0.519847	-0.925524	2.27096	15.2684	-2.41413	1.54581
1.296	0.641478	-0.947256	2.28331	15.1354	-3.01794	1.54334
1.304	0.76195	-0.973793	2.29565	14.9786	-3.61499	1.54087
1.312	0.881074	-1.00508	2.30797	14.7984	-4.20436	1.53841
1.32	0.998663	-1.04104	2.32026	14.5951	-4.78511	1.53595
1.328	1.11453	-1.08161	2.33254	14.369	-5.35635	1.53349
1.336	1.22851	-1.12671	2.3448	14.1207	-5.9172	1.53104
1.344	1.34041	-1.17626	2.35704	13.8506	-6.46679	1.52859
1.352	1.45006	-1.23015	2.36926	13.5592	-7.00428	1.52615
1.36	1.5573	-1.28829	2.38146	13.2471	-7.52885	1.52371
1.368	1.66196	-1.35057	2.39364	12.9147	-8.03969	1.52127
1.376	1.76388	-1.41689	2.4058	12.5628	-8.53604	1.51884
1.384	1.86292	-1.48711	2.41794	12.1919	-9.01715	1.51641
1.392	1.95891	-1.56112	2.43006	11.8026	-9.4823	1.51399
1.4	2.05171	-1.63878	2.44216	11.3957	-9.93079	1.51157
1.408	2.14119	-1.71997	2.45425	10.9719	-10.362	1.50915
1.416	2.22722	-1.80453	2.46631	10.5319	-10.7752	1.50674
1.424	2.30966	-1.89232	2.47835	10.0765	-11.1698	1.50433
1.432	2.3884	-1.98319	2.49038	9.60635	-11.5454	1.50192
1.44	2.46333	-2.07699	2.50238	9.12237	-11.9012	1.49952
1.448	2.53433	-2.17356	2.51437	8.62534	-12.2369	1.49713
1.456	2.6013	-2.27273	2.52634	8.1161	-12.5519	1.49473
1.464	2.66415	-2.37433	2.53829	7.5955	-12.8459	1.49234
1.472	2.7228	-2.47821	2.55022	7.06441	-13.1184	1.48996
1.48	2.77716	-2.58417	2.56213	6.52372	-13.369	1.48757
1.488	2.82716	-2.69205	2.57402	5.97432	-13.5974	1.4852
1.496	2.87273	-2.80167	2.58589	5.41712	-13.8033	1.48282
1.504	2.91381	-2.91284	2.59774	4.85303	-13.9865	1.48045
1.512	2.95036	-3.02539	2.60958	4.28298	-14.1467	1.47808
1.52	2.98233	-3.13913	2.62139	3.7079	-14.2838	1.47572
1.528	3.00967	-3.25387	2.63319	3.12872	-14.3976	1.47336
1.536	3.03238	-3.36943	2.64497	2.54639	-14.488	1.47101
1.544	3.05041	-3.48561	2.65672	1.96185	-14.5549	1.46866
1.552	3.06376	-3.60224	2.66846	1.37603	-14.5984	1.46631
1.56	3.07243	-3.71912	2.68018	0.78989	-14.6183	1.46396
1.568	3.0764	-3.83607	2.69189	0.204354	-14.6148	1.46162
1.576	3.0757	-3.9529	2.70357	-0.379637	-14.5879	1.45929
1.584	3.07033	-4.06942	2.71524	-0.961156	-14.5378	1.45695
1.592	3.06033	-4.18544	2.72688	-1.53928	-14.4646	1.45462
1.6	3.04572	-4.30079	2.73851	-2.11309	-14.3684	1.4523
1.608	3.02653	-4.41528	2.75012	-2.68169	-14.2496	1.44998
1.616	3.00283	-4.52872	2.76171	-3.24418	-14.1084	1.44766
1.624	2.97465	-4.64095	2.77328	-3.79969	-13.945	1.44534
1.632	2.94205	-4.75179	2.78483	-4.34734	-13.7599	1.44303
1.64	2.90511	-4.86105	2.79637	-4.88629	-13.5534	1.44073
1.648	2.8639	-4.96858	2.80789	-5.4157	-13.3258	1.43842
1.656	2.81849	-5.07421	2.81938	-5.93475	-13.0776	1.43612
1.664	2.76897	-5.17777	2.83086	-6.44265	-12.8093	1.43383
1.672	2.71544	-5.27911	2.84233	-6.93862	-12.5214	1.43153
1.68	2.65799	-5.37806	2.85377	-7.42191	-12.2143	1.42925
1.688	2.59672	-5.47449	2.86519	-7.89178	-11.8887	1.42696
1.696	2.53176	-5.56823	2.8766	-8.34752	-11.5451	1.42468
1.704	2.4632	-5.65916	2.88799	-8.78846	-11.1842	1.4224
1.712	2.39118	-5.74714	2.89936	-9.21392	-10.8065	1.42013
1.72	2.31582	-5.83202	2.91071	-9.62328	-10.4127	1.41786
1.728	2.23725	-5.9137	2.92204	-10.0159	-10.0035	1.41559
1.736	2.15561	-5.99204	2.93336	-10.3913	-9.57966	1.41333
1.744	2.07104	-6.06694	2.94466	-10.7489	-9.14182	1.41107
1.752	1.98368	-6.13827	2.95594	-11.0881	-8.69075	1.40881
1.76	1.89368	-6.20595	2.9672	-11.4085	-8.22722	1.40656
1.768	1.8012	-6.26988	2.97844	-11.7096	-7.752	1.40431
1.776	1.70638	-6.32996	2.98967	-11.9911	-7.26591	1.40207
1.784	1.60939	-6.38611	3.00088	-12.2524	-6.76974	1.39982
1.792	1.5104	-6.43825	3.01206	-12.4933	-6.26433	1.39759
1.8	1.40955	-6.48631	3.02324	-12.7135	-5.75051	1.39535
1.808	1.30704	-6.53024	3.03439	-12.9126	-5.22913	1.39312
1.816	1.20301	-6.56996	3.04553	-13.0904	-4.70106	1.39089
1.824	1.09765	-6.60544	3.05664	-13.2467	-4.16715	1.38867
1.832	0.99112	-6.63662	3.06775	-13.3813	-3.62828	1.38645
1.84	0.883603	-6.66348	3.07883	-13.4941	-3.08532	1.38423
1.848	0.775273	-6.68598	3.08989	-13.585	-2.53917	1.38202
1.856	0.666303	-6.7041	3.10094	-13.6538	-1.99069	1.37981
1.864	0.556871	-6.71783	3.11197	-13.7005	-1.44079	1.37761
1.872	0.447154	-6.72715	3.12298	-13.7252	-0.890338	1.3754
1.88	0.337327	-6.73207	3.13398	-13.7278	-0.34022	1.3732
1.888	0.227567	-6.7326	3.14495	-13.7085	0.208685	1.37101
1.896	0.118049	-6.72874	3.15591	-13.6673	0.755502	1.36882
1.904	0.00894799	-6.72052	3.16685	-13.6044	1.29936	1.36663
1.912	-0.0995634	-6.70796	3.17778	-13.5199	1.83941	1.36444
1.92	-0.207313	-6.6911	3.18869	-13.414	2.37479	1.36226
1.928	-0.314132	-6.66998	3.19958	-13.2871	2.90465	1.36008
1.936	-0.419851	-6.64464	3.21045	-13.1392	3.42818	1.35791
1.944	-0.524305	-6.61515	3.2213	-12.9709	3.94455	1.35574
1.952	-0.627331	-6.58155	3.23214	-12.7823	4.45296	1.35357
1.96	-0.728768	-6.54392	3.24296	-12.5739	4.95263	1.35141
1.968	-0.828461	-6.50233	3.25376	-12.346	5.44277	1.34925
1.976	-0.926253	-6.45687	3.26455	-12.0991	5.92264	1.34709
1.984	-1.022	-6.4076	3.27531	-11.8336	6.3915	1.34494
1.992	-1.11554	-6.35463	3.28607	-11.5501	6.84864	1.34279
2	-1.20675	-6.29806	3.2968	-11.2489	7.29336	1.34064
2.008	-1.29548	-6.23797	3.30752	-10.9308	7.725	1.3385
2.016	-1.3816	-6.17449	3.31822	-10.5961	8.14289	1.33636
2.024	-1.46498	-6.10773	3.3289	-10.2456	8.54643	1.33422
2.032	-1.54549	-6.03779	3.33956	-9.87985	8.935	1.33209
2.04	-1.62301	-5.96481	3.35021	-9.49943	9.30804	1.32996
2.048	-1.69744	-5.8889	3.36084	-9.10503	9.66499	1.32783
2.056	-1.76866	-5.81021	3.37146	-8.69733	10.0053	1.32571
2.064	-1.83657	-5.72886	3.38205	-8.27701	10.3286	1.32359
2.072	-1.90106	-5.645	3.39263	-7.84479	10.6343	1.32147
2.08	-1.96205	-5.55876	3.4032	-7.40141	10.922	1.31936
2.088	-2.01946	-5.4703	3.41374	-6.9476	11.1913	1.31725
2.096	-2.07319	-5.37975	3.42427	-6.48412	11.4419	1.31515
2.104	-2.12318	-5.28728	3.43479	-6.01176	11.6733	1.31304
2.112	-2.16935	-5.19303	3.44528	-5.53128	11.8854	1.31094
2.12	-2.21166	-5.09716	3.45576	-5.04349	12.0777	1.30885
2.128	-2.25003	-4.99984	3.46622	-4.54919	12.2501	1.30676
2.136	-2.28443	-4.90122	3.47667	-4.0492	12.4024	1.30467
2.144	-2.31481	-4.80146	3.4871	-3.54432	12.5343	1.30258
2.152	-2.34113	-4.70072	3.49751	-3.03538	12.6458	1.3005
2.16	-2.36336	-4.59918	3.50791	-2.52322	12.7367	1.29842
2.168	-2.38149	-4.49699	3.51829	-2.00865	12.8069	1.29634
2.176	-2.3955	-4.39432	3.52865	-1.49252	12.8564	1.29427
2.184	-2.40537	-4.29134	3.53899	-0.975646	12.8851	1.2922
2.192	-2.41111	-4.18822	3.54932	-0.458863	12.8932	1.29014
2.2	-2.41272	-4.08511	3.55964	0.0570032	12.8806	1.28807
2.208	-2.4102	-3.98218	3.56993	0.57113	12.8474	1.28601
2.216	-2.40358	-3.8796	3.58021	1.0827	12.7938	1.28396
2.224	-2.39289	-3.77753	3.59048	1.5909	12.7199	1.2819
2.232	-2.37814	-3.67614	3.60072	2.09494	12.6259	1.27986
2.24	-2.35938	-3.57557	3.61095	2.59401	12.512	1.27781
2.248	-2.33665	-3.476	3.62117	3.08734	12.3785	1.27577
2.256	-2.31	-3.37757	3.63137	3.57415	12.2255	1.27373
2.264	-2.27949	-3.28044	3.64155	4.0537	12.0535	1.27169
2.272	-2.24516	-3.18476	3.65171	4.52522	11.8628	1.26966
2.28	-2.20711	-3.09068	3.66186	4.988	11.6537	1.26763
2.288	-2.16538	-2.99835	3.67199	5.44132	11.4266	1.2656
2.296	-2.12007	-2.90791	3.68211	5.88448	11.1819	1.26358
2.304	-2.07126	-2.81949	3.69221	6.31682	10.9202	1.26156
2.312	-2.01903	-2.73323	3.7023	6.73767	10.6418	1.25954
2.32	-1.96349	-2.64926	3.71236	7.14639	10.3473	1.25753
2.328	-1.90472	-2.56771	3.72242	7.54238	10.0372	1.25552
2.336	-1.84285	-2.48871	3.73245	7.92504	9.71197	1.25351
2.344	-1.77796	-2.41236	3.74247	8.29379	9.37228	1.25151
2.352	-1.71018	-2.33879	3.75248	8.6481	9.01868	1.2495
2.36	-1.63963	-2.2681	3.76246	8.98744	8.65178	1.24751
2.368	-1.56643	-2.20039	3.77244	9.31132	8.27221	1.24551
2.376	-1.49069	-2.13577	3.78239	9.61927	7.88062	1.24352
2.384	-1.41256	-2.07433	3.79233	9.91085	7.47767	1.24153
2.392	-1.33216	-2.01616	3.80226	10.1856	7.06405	1.23955
2.4	-1.24964	-1.96133	3.81217	10.4433	6.64045	1.23757
2.408	-1.16512	-1.90994	3.82206	10.6833	6.20758	1.23559
2.416	-1.07875	-1.86204	3.83194	10.9056	5.76616	1.23361
2.424	-0.990678	-1.8177	3.8418	11.1096	5.31693	1.23164
2.432	-0.901046	-1.77698	3.85164	11.2953	4.86063	1.22967
2.44	-0.810003	-1.73995	3.86147	11.4623	4.398	1.22771
2.448	-0.7177	-1.70663	3.87129	11.6104	3.92983	1.22574
2.456	-0.624288	-1.67708	3.88108	11.7395	3.45685	1.22378
2.464	-0.52992	-1.65133	3.89087	11.8493	2.97987	1.22183
2.472	-0.43475	-1.62941	3.90063	11.9399	2.49963	1.21987
2.48	-0.338933	-1.61134	3.91038	12.0111	2.01694	1.21792
2.488	-0.242625	-1.59715	3.92012	12.0628	1.53255	1.21598
2.496	-0.14598	-1.58683	3.92984	12.0951	1.04727	1.21403
2.504	-0.0491556	-1.58039	3.93954	12.1079	0.561856	1.21209
2.512	0.047694	-1.57783	3.94923	12.1013	0.0770969	1.21015
2.52	0.144413	-1.57915	3.95891	12.0754	-0.406237	1.20822
2.528	0.240848	-1.58433	3.96856	12.0302	-0.887376	1.20629
2.536	0.336846	-1.59334	3.97821	11.9659	-1.36556	1.20436
2.544	0.432253	-1.60617	3.98783	11.8827	-1.84003	1.20243
2.552	0.526919	-1.62277	3.99745	11.7808	-2.31004	1.20051
2.56	0.620695	-1.64311	4.00704	11.6603	-2.77485	1.19859
2.568	0.713435	-1.66715	4.01662	11.5215	-3.23374	1.19668
2.576	0.804992	-1.69484	4.02619	11.3648	-3.68599	1.19476
2.584	0.895225	-1.72611	4.03574	11.1904	-4.1309	1.19285
2.592	0.983993	-1.76091	4.04527	10.9987	-4.56778	1.19095
2.6	1.07116	-1.79917	4.05479	10.7899	-4.99596	1.18904
2.608	1.15659	-1.84082	4.0643	10.5646	-5.41477	1.18714
2.616	1.24015	-1.88578	4.07379	10.3231	-5.82359	1.18524
2.624	1.32171	-1.93397	4.08326	10.0658	-6.22178	1.18335
2.632	1.40116	-1.9853	4.09272	9.79328	-6.60874	1.18146
2.64	1.47837	-2.03968	4.10217	9.50594	-6.9839	1.17957
2.648	1.55322	-2.09701	4.1116	9.20432	-7.34669	1.17768
2.656	1.6256	-2.15719	4.12101	8.88893	-7.69656	1.1758
2.664	1.69541	-2.22012	4.13041	8.56033	-8.033	1.17392
2.672	1.76253	-2.28568	4.13979	8.21909	-8.35552	1.17204
2.68	1.82688	-2.35377	4.14916	7.86579	-8.66364	1.17017
2.688	1.88835	-2.42426	4.15851	7.50103	-8.95691	1.1683
2.696	1.94687	-2.49704	4.16785	7.12544	-9.23492	1.16643
2.704	2.00233	-2.57198	4.17718	6.73965	-9.49727	1.16456
2.712	2.05468	-2.64895	4.18649	6.34431	-9.74359	1.1627
2.72	2.10382	-2.72783	4.19578	5.94009	-9.97353	1.16084
2.728	2.14969	-2.80848	4.20506	5.52765	-10.1868	1.15899
2.736	2.19224	-2.89077	4.21432	5.10769	-10.383	1.15714
2.744	2.2314	-2.97457	4.22357	4.68089	-10.5621	1.15529
2.752	2.26712	-3.05972	4.23281	4.24798	-10.7236	1.15344
2.76	2.29935	-3.1461	4.24203	3.80965	-10.8675	1.15159
2.768	2.32806	-3.23355	4.25123	3.36662	-10.9936	1.14975
2.776	2.35321	-3.32195	4.26043	2.91963	-11.1017	1.14791
2.784	2.37477	-3.41113	4.2696	2.46939	-11.1916	1.14608
2.792	2.39271	-3.50096	4.27876	2.01664	-11.2634	1.14425
2.8	2.40703	-3.5913	4.28791	1.56211	-11.3169	1.14242
2.808	2.4177	-3.68198	4.29704	1.10654	-11.3521	1.14059
2.816	2.42473	-3.77288	4.30616	0.650648	-11.3691	1.13877
2.824	2.42811	-3.86384	4.31526	0.195173	-11.3678	1.13695
2.832	2.42786	-3.95472	4.32435	-0.259159	-11.3483	1.13513
2.84	2.42397	-4.04537	4.33342	-0.711625	-11.3108	1.13332
2.848	2.41648	-4.13564	4.34248	-1.16151	-11.2553	1.1315
2.856	2.4054	-4.2254	4.35153	-1.60809	-11.1819	1.12969
2.864	2.39076	-4.31451	4.36056	-2.05068	-11.0909	1.12789
2.872	2.3726	-4.40281	4.36957	-2.48857	-10.9824	1.12609
2.88	2.35096	-4.49018	4.37858	-2.92108	-10.8567	1.12428
2.888	2.32588	-4.57647	4.38756	-3.34754	-10.7141	1.12249
2.896	2.29741	-4.66156	4.39654	-3.76728	-10.5548	1.12069
2.904	2.26562	-4.74531	4.40549	-4.17965	-10.379	1.1189
2.912	2.23056	-4.82758	4.41444	-4.58402	-10.1873	1.11711
2.92	2.1923	-4.90826	4.42337	-4.97976	-9.97985	1.11533
2.928	2.15091	-4.98722	4.43228	-5.36627	-9.7571	1.11354
2.936	2.10647	-5.06433	4.44118	-5.74296	-9.51946	1.11176
2.944	2.05905	-5.13949	4.45007	-6.10926	-9.26735	1.10999
2.952	2.00875	-5.21257	4.45894	-6.46462	-9.00122	1.10821
2.96	1.95565	-5.28347	4.4678	-6.8085	-8.72153	1.10644
2.968	1.89984	-5.35208	4.47665	-7.14039	-8.42879	1.10467
2.976	1.84143	-5.4183	4.48548	-7.45979	-8.1235	1.1029
2.984	1.78052	-5.48203	4.49429	-7.76624	-7.80619	1.10114
2.992	1.71721	-5.54317	4.5031	-8.05929	-7.47741	1.09938
3	1.65161	-5.60164	4.51188	-8.33851	-7.13771	1.09762
3.008	1.58383	-5.65735	4.52066	-8.6035	-6.78768	1.09587
3.016	1.51399	-5.71021	4.52942	-8.85387	-6.42791	1.09412
3.024	1.44221	-5.76017	4.53816	-9.08928	-6.05901	1.09237
3.032	1.3686	-5.80714	4.5469	-9.3094	-5.68159	1.09062
3.04	1.2933	-5.85105	4.55561	-9.51392	-5.29629	1.08888
3.048	1.21642	-5.89186	4.56432	-9.70257	-4.90374	1.08714
3.056	1.1381	-5.92949	4.57301	-9.87509	-4.50461	1.0854
3.064	1.05847	-5.96392	4.58168	-10.0313	-4.09954	1.08366
3.072	0.977645	-5.99507	4.59035	-10.1709	-3.68921	1.08193
3.08	0.895775	-6.02293	4.59899	-10.2938	-3.27429	1.0802
3.088	0.81299	-6.04745	4.60763	-10.3999	-2.85546	1.07847
3.096	0.729423	-6.06861	4.61625	-10.4889	-2.43339	1.07675
3.104	0.645212	-6.08638	4.62486	-10.5609	-2.00878	1.07503
3.112	0.560494	-6.10074	4.63345	-10.6158	-1.58232	1.07331
3.12	0.475405	-6.11169	4.64203	-10.6535	-1.15469	1.07159
3.128	0.390083	-6.11922	4.6506	-10.6741	-0.72657	1.06988
3.136	0.304665	-6.12332	4.65915	-10.6775	-0.29866	1.06817
3.144	0.219288	-6.124	4.66769	-10.6639	0.128361	1.06646
3.152	0.134088	-6.12127	4.67621	-10.6332	0.553812	1.06476
3.16	0.0492023	-6.11514	4.68472	-10.5856	0.977017	1.06306
3.168	-0.0352358	-6.10564	4.69322	-10.5212	1.39731	1.06136
3.176	-0.119092	-6.0928	4.7017	-10.4402	1.81402	1.05966
3.184	-0.202235	-6.07663	4.71018	-10.3427	2.2265	1.05796
3.192	-0.284532	-6.05719	4.71863	-10.229	2.6341	1.05627
3.2	-0.365856	-6.0345	4.72708	-10.0993	3.03618	1.05458
3.208	-0.44608	-6.00862	4.73551	-9.9539	3.43212	1.0529
3.216	-0.525077	-5.9796	4.74392	-9.79301	3.82131	1.05122
3.224	-0.602727	-5.9475	4.75233	-9.61697	4.20314	1.04953
3.232	-0.678909	-5.91238	4.76071	-9.4261	4.57702	1.04786
3.24	-0.753506	-5.87429	4.76909	-9.22076	4.94239	1.04618
3.248	-0.826404	-5.83332	4.77745	-9.00133	5.29868	1.04451
3.256	-0.897491	-5.78954	4.7858	-8.7682	5.64536	1.04284
3.264	-0.96666	-5.74302	4.79414	-8.52178	5.9819	1.04117
3.272	-1.03381	-5.69386	4.80246	-8.26252	6.3078	1.03951
3.28	-1.09883	-5.64213	4.81077	-7.99088	6.62256	1.03785
3.288	-1.16163	-5.58793	4.81907	-7.70731	6.92572	1.03619
3.296	-1.22211	-5.53135	4.82735	-7.41232	7.21684	1.03453
3.304	-1.2802	-5.47249	4.83562	-7.10642	7.49548	1.03288
3.312	-1.33579	-5.41146	4.84388	-6.79012	7.76123	1.03122
3.32	-1.38881	-5.34835	4.85212	-6.46397	8.01373	1.02958
3.328	-1.43919	-5.28327	4.86035	-6.12852	8.25259	1.02793
3.336	-1.48684	-5.21634	4.86857	-5.78434	8.47749	1.02629
3.344	-1.53171	-5.14767	4.87677	-5.43201	8.68811	1.02465
3.352	-1.57374	-5.07737	4.88496	-5.07211	8.88416	1.02301
3.36	-1.61285	-5.00556	4.89314	-4.70525	9.06536	1.02137
3.368	-1.649	-4.93237	4.9013	-4.33203	9.23149	1.01974
3.376	-1.68215	-4.8579	4.90945	-3.95307	9.38232	1.01811
3.384	-1.71224	-4.78229	4.91759	-3.569	9.51765	1.01648
3.392	-1.73924	-4.70566	4.92572	-3.18045	9.63733	1.01486
3.4	-1.76312	-4.62814	4.93383	-2.78805	9.74121	1.01323
3.408	-1.78384	-4.54984	4.94193	-2.39245	9.82917	1.01161
3.416	-1.80139	-4.47091	4.95002	-1.99428	9.90112	1.01
3.424	-1.81574	-4.39147	4.95809	-1.59419	9.95701	1.00838
3.432	-1.82689	-4.31164	4.96615	-1.19283	9.99679	1.00677
3.44	-1.83483	-4.23156	4.9742	-0.790846	10.0204	1.00516
3.448	-1.83955	-4.15136	4.98223	-0.38888	10.028	1.00355
3.456	-1.84105	-4.07116	4.99025	0.0124246	10.0195	1.00195
3.464	-1.83935	-3.99109	4.99826	0.412427	9.99497	1.00035
3.472	-1.83446	-3.91128	5.00626	0.810491	9.95454	0.998748
3.48	-1.82639	-3.83186	5.01424	1.20599	9.89832	0.997151
3.488	-1.81517	-3.75295	5.02221	1.59829	9.82644	0.995557
3.496	-1.80083	-3.67468	5.03017	1.98678	9.73907	0.993965
3.504	-1.78339	-3.59716	5.03812	2.37086	9.6364	0.992376
3.512	-1.76291	-3.52053	5.04605	2.74991	9.51864	0.99079
3.52	-1.73941	-3.44491	5.05397	3.12335	9.38603	0.989206
3.528	-1.71295	-3.3704	5.06188	3.49061	9.23882	0.987624
3.536	-1.68358	-3.29712	5.06977	3.8511	9.07731	0.986045
3.544	-1.65135	-3.2252	5.07765	4.20428	8.90179	0.984469
3.552	-1.61633	-3.15473	5.08552	4.54961	8.7126	0.982895
3.56	-1.57858	-3.08583	5.09338	4.88656	8.51006	0.981324
3.568	-1.53817	-3.0186	5.10123	5.21461	8.29456	0.979755
3.576	-1.49517	-2.95315	5.10906	5.53328	8.06648	0.978189
3.584	-1.44966	-2.88957	5.11688	5.84207	7.82623	0.976625
3.592	-1.40173	-2.82796	5.12468	6.14053	7.57422	0.975063
3.6	-1.35144	-2.76842	5.13248	6.42821	7.3109	0.973505
3.608	-1.2989	-2.71102	5.14026	6.70469	7.03672	0.971948
3.616	-1.2442	-2.65586	5.14803	6.96956	6.75217	0.970394
3.624	-1.18742	-2.60301	5.15579	7.22244	6.45772	0.968843
3.632	-1.12867	-2.55256	5.16353	7.46295	6.15388	0.967294
3.64	-1.06805	-2.50457	5.17126	7.69075	5.84116	0.965748
3.648	-1.00566	-2.45912	5.17898	7.90553	5.5201	0.964204
3.656	-0.941597	-2.41627	5.18669	8.10697	5.19124	0.962662
3.664	-0.87598	-2.37608	5.19438	8.29479	4.85512	0.961123
3.672	-0.808917	-2.33861	5.20207	8.46875	4.51231	0.959586
3.68	-0.740518	-2.3039	5.20974	8.6286	4.16337	0.958052
3.688	-0.670897	-2.27201	5.2174	8.77414	3.80889	0.956521
3.696	-0.60017	-2.24297	5.22504	8.90518	3.44945	0.954992
3.704	-0.528454	-2.21683	5.23268	9.02155	3.08563	0.953465
3.712	-0.455865	-2.19361	5.2403	9.12312	2.71805	0.95194
3.72	-0.382524	-2.17335	5.24791	9.20977	2.34729	0.950419
3.728	-0.308549	-2.15606	5.2555	9.2814	1.97396	0.948899
3.736	-0.234061	-2.14177	5.26309	9.33796	1.59866	0.947382
3.744	-0.159182	-2.13049	5.27066	9.37941	1.22201	0.945867
3.752	-0.0840312	-2.12222	5.27822	9.40571	0.8446	0.944355
3.76	-0.00873075	-2.11697	5.28577	9.41688	0.467048	0.942846
3.768	0.0665986	-2.11475	5.29331	9.41295	0.0899559	0.941338
3.776	0.141836	-2.11553	5.30083	9.39398	-0.286076	0.939833
3.784	0.216862	-2.11932	5.30835	9.36004	-0.660448	0.938331
3.792	0.291557	-2.12609	5.31585	9.31123	-1.03257	0.936831
3.8	0.365803	-2.13583	5.32334	9.24768	-1.40185	0.935333
3.808	0.439481	-2.14851	5.33081	9.16954	-1.7677	0.933838
3.816	0.512477	-2.1641	5.33828	9.07698	-2.12956	0.932345
3.824	0.584675	-2.18257	5.34573	8.9702	-2.48686	0.930854
3.832	0.655963	-2.20388	5.35317	8.8494	-2.83904	0.929366
3.84	0.726229	-2.22798	5.3606	8.71484	-3.18555	0.92788
3.848	0.795364	-2.25483	5.36802	8.56676	-3.52585	0.926397
3.856	0.863262	-2.28438	5.37542	8.40545	-3.85943	0.924916
3.864	0.929817	-2.31656	5.38282	8.23121	-4.18577	0.923437
3.872	0.994928	-2.35133	5.3902	8.04436	-4.50437	0.921961
3.88	1.05849	-2.38861	5.39757	7.84524	-4.81475	0.920487
3.888	1.12042	-2.42834	5.40492	7.6342	-5.11643	0.919015
3.896	1.18061	-2.47045	5.41227	7.41162	-5.40896	0.917546
3.904	1.23898	-2.51486	5.41961	7.1779	-5.69191	0.916079
3.912	1.29543	-2.56149	5.42693	6.93344	-5.96484	0.914614
3.92	1.34988	-2.61027	5.43424	6.67867	-6.22736	0.913152
3.928	1.40226	-2.6611	5.44154	6.41403	-6.47908	0.911692
3.936	1.45248	-2.71391	5.44883	6.13997	-6.71963	0.910235
3.944	1.50048	-2.76859	5.4561	5.85697	-6.94866	0.908779
3.952	1.54617	-2.82505	5.46337	5.5655	-7.16585	0.907327
3.96	1.5895	-2.88321	5.47062	5.26606	-7.37087	0.905876
3.968	1.63041	-2.94295	5.47786	4.95915	-7.56345	0.904428
3.976	1.66883	-3.00419	5.48509	4.64529	-7.74332	0.902982
3.984	1.70472	-3.06681	5.49231	4.32499	-7.91022	0.901538
3.992	1.73802	-3.13072	5.49952	3.99881	-8.06393	0.900097
4	1.76868	-3.1958	5.50671	3.66727	-8.20425	0.898658
4.008	1.79668	-3.26195	5.51389	3.33092	-8.331	0.897221
4.016	1.82197	-3.32906	5.52107	2.99031	-8.44402	0.895787
4.024	1.84451	-3.39702	5.52823	2.64601	-8.54316	0.894355
4.032	1.86429	-3.46571	5.53538	2.29858	-8.62833	0.892925
4.04	1.88128	-3.53503	5.54251	1.94858	-8.69941	0.891497
4.048	1.89547	-3.60487	5.54964	1.59658	-8.75636	0.890072
4.056	1.90683	-3.6751	5.55675	1.24315	-8.79911	0.888649
4.064	1.91535	-3.74561	5.56386	0.888864	-8.82765	0.887228
4.072	1.92105	-3.8163	5.57095	0.534286	-8.84197	0.88581
4.08	1.9239	-3.88705	5.57803	0.179985	-8.84211	0.884394
4.088	1.92393	-3.95774	5.5851	-0.173471	-8.8281	0.88298
4.096	1.92113	-4.02826	5.59216	-0.52552	-8.80001	0.881568
