0	0	0	0
0.004	0.0799627	-0.000799547	0.0079968
0.008	0.159829	-0.00319616	0.0159872
0.012	0.239569	-0.00718633	0.0239712
0.016	0.319148	-0.0127659	0.0319489
0.02	0.398537	-0.0199301	0.0399201
0.024	0.477703	-0.0286736	0.047885
0.028	0.556615	-0.0389903	0.0558435
0.032	0.635242	-0.0508735	0.0637956
0.036	0.713553	-0.064316	0.0717414
0.04	0.791518	-0.07931	0.0796809
0.044	0.869104	-0.0958469	0.0876139
0.048	0.946283	-0.113918	0.0955407
0.052	1.02302	-0.133513	0.103461
0.056	1.0993	-0.154621	0.111375
0.06	1.17507	-0.177233	0.119283
0.064	1.25032	-0.201337	0.127184
0.068	1.32501	-0.22692	0.135079
0.072	1.39911	-0.25397	0.142968
0.076	1.4726	-0.282473	0.150851
0.08	1.54545	-0.312417	0.158727
0.084	1.61762	-0.343786	0.166597
0.088	1.6891	-0.376567	0.17446
0.092	1.75985	-0.410743	0.182318
0.096	1.82984	-0.446298	0.190169
0.1	1.89906	-0.483217	0.198013
0.104	1.96747	-0.521481	0.205852
0.108	2.03504	-0.561075	0.213684
0.112	2.10176	-0.601979	0.22151
0.116	2.16759	-0.644176	0.229329
0.12	2.23252	-0.687646	0.237143
0.124	2.29651	-0.73237	0.24495
0.128	2.35954	-0.778328	0.252751
0.132	2.42159	-0.825499	0.260546
0.136	2.48264	-0.873863	0.268334
0.14	2.54266	-0.923399	0.276116
0.144	2.60162	-0.974085	0.283892
0.148	2.65952	-1.0259	0.291662
0.152	2.71633	-1.07882	0.299426
0.156	2.77202	-1.13282	0.307183
0.16	2.82657	-1.18788	0.314934
0.164	2.87997	-1.24397	0.322679
0.168	2.9322	-1.30108	0.330418
0.172	2.98323	-1.35917	0.33815
0.176	3.03305	-1.41822	0.345877
0.18	3.08164	-1.47821	0.353597
0.184	3.12899	-1.53912	0.361311
0.188	3.17507	-1.6009	0.369019
0.192	3.21987	-1.66355	0.376721
0.196	3.26337	-1.72703	0.384416
0.2	3.30556	-1.79131	0.392106
0.204	3.34642	-1.85637	0.399789
0.208	3.38594	-1.92219	0.407466
0.212	3.42411	-1.98873	0.415137
0.216	3.46091	-2.05596	0.422802
0.22	3.49633	-2.12386	0.43046
0.224	3.53036	-2.19241	0.438113
0.228	3.56298	-2.26156	0.445759
0.232	3.59419	-2.3313	0.4534
0.236	3.62398	-2.40159	0.461034
0.24	3.65233	-2.47241	0.468662
0.244	3.67923	-2.54372	0.476284
0.248	3.70469	-2.61549	0.4839
0.252	3.72869	-2.68771	0.49151
0.256	3.75121	-2.76033	0.499114
0.26	3.77227	-2.83333	0.506711
0.264	3.79184	-2.90668	0.514303
0.268	3.80993	-2.98034	0.521888
0.272	3.82653	-3.0543	0.529468
0.276	3.84164	-3.12851	0.537041
0.28	3.85524	-3.20295	0.544609
0.284	3.86735	-3.27758	0.55217
0.288	3.87795	-3.35239	0.559725
0.292	3.88705	-3.42733	0.567274
0.296	3.89464	-3.50238	0.574818
0.3	3.90072	-3.5775	0.582355
0.304	3.9053	-3.65267	0.589886
0.308	3.90837	-3.72786	0.597411
0.312	3.90993	-3.80303	0.60493
0.316	3.90999	-3.87816	0.612443
0.32	3.90855	-3.95322	0.61995
0.324	3.90561	-4.02817	0.627451
0.328	3.90117	-4.10298	0.634946
0.332	3.89525	-4.17764	0.642435
0.336	3.88784	-4.2521	0.649918
0.34	3.87895	-4.32634	0.657395
0.344	3.86858	-4.40033	0.664866
0.348	3.85675	-4.47403	0.672331
0.352	3.84345	-4.54743	0.679791
0.356	3.8287	-4.62048	0.687244
0.36	3.81251	-4.69317	0.694691
0.364	3.79488	-4.76547	0.702132
0.368	3.77582	-4.83733	0.709568
0.372	3.75535	-4.90875	0.716997
0.376	3.73347	-4.97969	0.72442
0.38	3.71019	-5.05011	0.731838
0.384	3.68553	-5.12	0.739249
0.388	3.6595	-5.18933	0.746655
0.392	3.6321	-5.25807	0.754055
0.396	3.60337	-5.3262	0.761449
0.4	3.5733	-5.39368	0.768837
0.404	3.54191	-5.46049	0.776219
0.408	3.50921	-5.52661	0.783595
0.412	3.47523	-5.59201	0.790965
0.416	3.43998	-5.65666	0.798329
0.42	3.40347	-5.72055	0.805687
0.424	3.36572	-5.78364	0.81304
0.428	3.32674	-5.84591	0.820387
0.432	3.28656	-5.90735	0.827727
0.436	3.2452	-5.96792	0.835062
0.44	3.20266	-6.0276	0.842391
0.444	3.15898	-6.08637	0.849714
0.448	3.11416	-6.14421	0.857032
0.452	3.06823	-6.2011	0.864343
0.456	3.02121	-6.25701	0.871649
0.46	2.97312	-6.31193	0.878949
0.464	2.92399	-6.36583	0.886242
0.468	2.87382	-6.4187	0.893531
0.472	2.82265	-6.47051	0.900813
0.476	2.77049	-6.52124	0.908089
0.48	2.71737	-6.57089	0.91536
0.484	2.66331	-6.61942	0.922625
0.488	2.60834	-6.66682	0.929884
0.492	2.55248	-6.71308	0.937137
0.496	2.49574	-6.75818	0.944384
0.5	2.43816	-6.80209	0.951626
0.504	2.37977	-6.84481	0.958862
0.508	2.32057	-6.88633	0.966092
0.512	2.26061	-6.92661	0.973316
0.516	2.1999	-6.96566	0.980534
0.52	2.13847	-7.00346	0.987747
0.524	2.07635	-7.03999	0.994954
0.528	2.01356	-7.07525	1.00216
0.532	1.95012	-7.10921	1.00935
0.536	1.88608	-7.14187	1.01654
0.54	1.82144	-7.17322	1.02372
0.544	1.75624	-7.20325	1.0309
0.548	1.69051	-7.23194	1.03807
0.552	1.62427	-7.2593	1.04524
0.556	1.55755	-7.2853	1.0524
0.56	1.49037	-7.30994	1.05956
0.564	1.42278	-7.33321	1.06671
0.568	1.35478	-7.35511	1.07385
0.572	1.28641	-7.37563	1.08099
0.576	1.2177	-7.39477	1.08812
0.58	1.14868	-7.41251	1.09525
0.584	1.07938	-7.42885	1.10237
0.588	1.00981	-7.4438	1.10948
0.592	0.940017	-7.45734	1.11659
0.596	0.870023	-7.46946	1.1237
0.6	0.799856	-7.48018	1.1308
0.604	0.729545	-7.48949	1.13789
0.608	0.659119	-7.49738	1.14498
0.612	0.588605	-7.50386	1.15206
0.616	0.518032	-7.50892	1.15913
0.62	0.447429	-7.51257	1.1662
0.624	0.376823	-7.5148	1.17327
0.628	0.306243	-7.51562	1.18032
0.632	0.235718	-7.51502	1.18738
0.636	0.165275	-7.51302	1.19442
0.64	0.0949418	-7.50961	1.20147
0.644	0.0247474	-7.50481	1.2085
0.648	-0.0452807	-7.4986	1.21553
0.652	-0.115115	-7.491	1.22256
0.656	-0.184727	-7.48201	1.22958
0.66	-0.25409	-7.47164	1.23659
0.664	-0.323177	-7.45989	1.2436
0.668	-0.39196	-7.44678	1.2506
0.672	-0.460412	-7.4323	1.2576
0.676	-0.528507	-7.41647	1.26459
0.68	-0.596217	-7.3993	1.27157
0.684	-0.663516	-7.38079	1.27855
0.688	-0.730378	-7.36095	1.28553
0.692	-0.796777	-7.3398	1.2925
0.696	-0.862686	-7.31734	1.29946
0.7	-0.928082	-7.29359	1.30642
0.704	-0.992937	-7.26855	1.31337
0.708	-1.05723	-7.24225	1.32032
0.712	-1.12093	-7.21468	1.32726
0.716	-1.18401	-7.18587	1.33419
0.72	-1.24646	-7.15583	1.34112
0.724	-1.30824	-7.12457	1.34805
0.728	-1.36934	-7.0921	1.35497
0.732	-1.42973	-7.05845	1.36188
0.736	-1.48938	-7.02363	1.36879
0.74	-1.54828	-6.98764	1.37569
0.744	-1.6064	-6.95052	1.38259
0.748	-1.66373	-6.91227	1.38948
0.752	-1.72023	-6.87292	1.39636
0.756	-1.77588	-6.83247	1.40324
0.76	-1.83068	-6.79096	1.41012
0.764	-1.88459	-6.74839	1.41699
0.768	-1.93759	-6.70478	1.42385
0.772	-1.98967	-6.66016	1.43071
0.776	-2.04081	-6.61454	1.43756
0.78	-2.09098	-6.56795	1.44441
0.784	-2.14017	-6.5204	1.45125
0.788	-2.18837	-6.47192	1.45809
0.792	-2.23554	-6.42252	1.46492
0.796	-2.28168	-6.37223	1.47174
0.8	-2.32678	-6.32106	1.47856
0.804	-2.3708	-6.26905	1.48538
0.808	-2.41374	-6.21621	1.49219
0.812	-2.45558	-6.16256	1.49899
0.816	-2.49631	-6.10813	1.50579
0.82	-2.53591	-6.05295	1.51258
0.824	-2.57436	-5.99702	1.51937
0.828	-2.61166	-5.94038	1.52615
0.832	-2.6478	-5.88306	1.53293
0.836	-2.68275	-5.82507	1.5397
0.84	-2.7165	-5.76644	1.54646
0.844	-2.74905	-5.70719	1.55322
0.848	-2.78039	-5.64735	1.55998
0.852	-2.8105	-5.58695	1.56673
0.856	-2.83937	-5.526	1.57347
0.86	-2.86699	-5.46454	1.58021
0.864	-2.89336	-5.40259	1.58694
0.868	-2.91846	-5.34017	1.59367
0.872	-2.94229	-5.27731	1.60039
0.876	-2.96484	-5.21404	1.60711
0.88	-2.98611	-5.15038	1.61382
0.884	-3.00608	-5.08637	1.62053
0.888	-3.02475	-5.02201	1.62723
0.892	-3.04212	-4.95735	1.63392
0.896	-3.05818	-4.8924	1.64061
0.9	-3.07292	-4.8272	1.6473
0.904	-3.08635	-4.76177	1.65398
0.908	-3.09845	-4.69614	1.66065
0.912	-3.10923	-4.63033	1.66732
0.916	-3.11869	-4.56437	1.67398
0.92	-3.12682	-4.49829	1.68064
0.924	-3.13362	-4.43211	1.68729
0.928	-3.13909	-4.36586	1.69394
0.932	-3.14323	-4.29957	1.70058
0.936	-3.14604	-4.23326	1.70722
0.94	-3.14753	-4.16696	1.71385
0.944	-3.14768	-4.1007	1.72048
0.948	-3.14652	-4.0345	1.7271
0.952	-3.14403	-3.96839	1.73372
0.956	-3.14022	-3.9024	1.74033
0.96	-3.1351	-3.83655	1.74693
0.964	-3.12867	-3.77087	1.75353
0.968	-3.12093	-3.70538	1.76013
0.972	-3.1119	-3.64011	1.76671
0.976	-3.10156	-3.57509	1.7733
0.98	-3.08994	-3.51034	1.77988
0.984	-3.07703	-3.44588	1.78645
0.988	-3.06285	-3.38175	1.79302
0.992	-3.04741	-3.31796	1.79958
0.996	-3.0307	-3.25455	1.80614
1	-3.01274	-3.19154	1.81269
1.004	-2.99354	-3.12894	1.81924
1.008	-2.97311	-3.0668	1.82578
1.012	-2.95146	-3.00512	1.83232
1.016	-2.9286	-2.94394	1.83885
1.02	-2.90454	-2.88327	1.84538
1.024	-2.87929	-2.82315	1.8519
1.028	-2.85286	-2.76359	1.85841
1.032	-2.82527	-2.70462	1.86492
1.036	-2.79653	-2.64626	1.87143
1.04	-2.76665	-2.58854	1.87793
1.044	-2.73565	-2.53146	1.88442
1.048	-2.70354	-2.47507	1.89091
1.052	-2.67033	-2.41937	1.8974
1.056	-2.63604	-2.36439	1.90388
1.06	-2.60069	-2.31015	1.91035
1.064	-2.56429	-2.25667	1.91682
1.068	-2.52686	-2.20397	1.92329
1.072	-2.48842	-2.15208	1.92974
1.076	-2.44897	-2.101	1.9362
1.08	-2.40854	-2.05076	1.94265
1.084	-2.36715	-2.00138	1.94909
1.088	-2.32482	-1.95288	1.95553
1.092	-2.28156	-1.90527	1.96196
1.096	-2.23738	-1.85858	1.96839
1.1	-2.19233	-1.81281	1.97481
1.104	-2.1464	-1.76799	1.98123
1.108	-2.09962	-1.72413	1.98764
1.112	-2.05201	-1.68125	1.99405
1.116	-2.00359	-1.63937	2.00045
1.12	-1.95438	-1.59849	2.00685
1.124	-1.90441	-1.55864	2.01324
1.128	-1.85369	-1.51982	2.01963
1.132	-1.80224	-1.48206	2.02601
1.136	-1.7501	-1.44537	2.03239
1.14	-1.69727	-1.40975	2.03876
1.144	-1.64378	-1.37522	2.04512
1.148	-1.58965	-1.3418	2.05149
1.152	-1.53491	-1.3095	2.05784
1.156	-1.47958	-1.27831	2.06419
1.16	-1.42369	-1.24827	2.07054
1.164	-1.36725	-1.21937	2.07688
1.168	-1.31028	-1.19163	2.08322
1.172	-1.25282	-1.16506	2.08955
1.176	-1.19489	-1.13966	2.09587
1.18	-1.1365	-1.11544	2.10219
1.184	-1.0777	-1.09242	2.10851
1.188	-1.01849	-1.07059	2.11482
1.192	-0.958898	-1.04997	2.12113
1.196	-0.898958	-1.03055	2.12743
1.2	-0.83869	-1.01236	2.13372
1.204	-0.778118	-0.995389	2.14001
1.208	-0.717268	-0.979645	2.1463
1.212	-0.656165	-0.965132	2.15258
1.216	-0.594832	-0.951855	2.15885
1.22	-0.533296	-0.939817	2.16512
1.224	-0.47158	-0.929021	2.17139
1.228	-0.40971	-0.919468	2.17765
1.232	-0.347711	-0.911162	2.1839
1.236	-0.285609	-0.904102	2.19016
1.24	-0.223427	-0.898291	2.1964
1.244	-0.161191	-0.893728	2.20264
1.248	-0.0989265	-0.890413	2.20888
1.252	-0.0366578	-0.888346	2.21511
1.256	0.02559	-0.887525	2.22133
1.26	0.087792	-0.887949	2.22755
1.264	0.149923	-0.889615	2.23377
1.268	0.211959	-0.892521	2.23998
1.272	0.273875	-0.896664	2.24618
1.276	0.335646	-0.90204	2.25238
1.28	0.397248	-0.908646	2.25858
1.284	0.458657	-0.916475	2.26477
1.288	0.519847	-0.925524	2.27096
1.292	0.580796	-0.935786	2.27714
1.296	0.641479	-0.947256	2.28331
1.3	0.701872	-0.959927	2.28948
1.304	0.761951	-0.973793	2.29565
1.308	0.821693	-0.988845	2.30181
1.312	0.881074	-1.00508	2.30797
1.316	0.940072	-1.02248	2.31412
1.32	0.998664	-1.04104	2.32026
1.324	1.05683	-1.06075	2.32641
1.328	1.11454	-1.08161	2.33254
1.332	1.17177	-1.1036	2.33867
1.336	1.22851	-1.12671	2.3448
1.34	1.28473	-1.15094	2.35092
1.344	1.34041	-1.17626	2.35704
1.348	1.39553	-1.20267	2.36315
1.352	1.45006	-1.23015	2.36926
1.356	1.50399	-1.2587	2.37536
1.36	1.5573	-1.28829	2.38146
1.364	1.60996	-1.31892	2.38755
1.368	1.66196	-1.35057	2.39364
1.372	1.71328	-1.38323	2.39972
1.376	1.76388	-1.41689	2.4058
1.38	1.81377	-1.45152	2.41187
1.384	1.86292	-1.48711	2.41794
1.388	1.9113	-1.52365	2.424
1.392	1.95891	-1.56112	2.43006
1.396	2.00571	-1.5995	2.43611
1.4	2.05171	-1.63878	2.44216
1.404	2.09688	-1.67894	2.44821
1.408	2.14119	-1.71997	2.45425
1.412	2.18465	-1.76183	2.46028
1.416	2.22722	-1.80453	2.46631
1.42	2.2689	-1.84803	2.47233
1.424	2.30966	-1.89232	2.47835
1.428	2.3495	-1.93738	2.48437
1.432	2.3884	-1.98319	2.49038
1.436	2.42635	-2.02974	2.49638
1.44	2.46333	-2.07699	2.50238
1.444	2.49932	-2.12494	2.50838
1.448	2.53433	-2.17356	2.51437
1.452	2.56832	-2.22283	2.52036
1.456	2.6013	-2.27273	2.52634
1.46	2.63325	-2.32324	2.53231
1.464	2.66415	-2.37433	2.53829
1.468	2.69401	-2.426	2.54425
1.472	2.7228	-2.47821	2.55022
1.476	2.75052	-2.53094	2.55617
1.48	2.77716	-2.58417	2.56213
1.484	2.80271	-2.63788	2.56807
1.488	2.82716	-2.69205	2.57402
1.492	2.8505	-2.74665	2.57996
1.496	2.87273	-2.80167	2.58589
1.5	2.89383	-2.85707	2.59182
1.504	2.91381	-2.91284	2.59774
1.508	2.93265	-2.96896	2.60366
1.512	2.95036	-3.02539	2.60958
1.516	2.96692	-3.08212	2.61549
1.52	2.98233	-3.13913	2.62139
1.524	2.99658	-3.19638	2.62729
1.528	3.00967	-3.25387	2.63319
1.532	3.02161	-3.31156	2.63908
1.536	3.03238	-3.36943	2.64497
1.54	3.04198	-3.42745	2.65085
1.544	3.05041	-3.48561	2.65672
1.548	3.05767	-3.54389	2.6626
1.552	3.06376	-3.60224	2.66846
1.556	3.06868	-3.66066	2.67433
1.56	3.07243	-3.71913	2.68018
1.564	3.075	-3.7776	2.68604
1.568	3.0764	-3.83607	2.69189
1.572	3.07664	-3.89451	2.69773
1.576	3.0757	-3.9529	2.70357
1.58	3.0736	-4.01121	2.70941
1.584	3.07033	-4.06942	2.71524
1.588	3.06591	-4.1275	2.72106
1.592	3.06033	-4.18544	2.72688
1.596	3.0536	-4.24321	2.7327
1.6	3.04572	-4.30079	2.73851
1.604	3.03669	-4.35815	2.74432
1.608	3.02653	-4.41528	2.75012
1.612	3.01524	-4.47214	2.75592
1.616	3.00283	-4.52872	2.76171
1.62	2.98929	-4.585	2.7675
1.624	2.97465	-4.64095	2.77328
1.628	2.9589	-4.69655	2.77906
1.632	2.94205	-4.75179	2.78483
1.636	2.92412	-4.80663	2.7906
1.64	2.90511	-4.86105	2.79637
1.644	2.88503	-4.91505	2.80213
1.648	2.8639	-4.96858	2.80789
1.652	2.84171	-5.02165	2.81364
1.656	2.81849	-5.07421	2.81938
1.66	2.79424	-5.12626	2.82513
1.664	2.76897	-5.17777	2.83086
1.668	2.7427	-5.22873	2.8366
1.672	2.71544	-5.27911	2.84233
1.676	2.6872	-5.32889	2.84805
1.68	2.65799	-5.37806	2.85377
1.684	2.62782	-5.4266	2.85948
1.688	2.59672	-5.47449	2.86519
1.692	2.5647	-5.5217	2.8709
1.696	2.53176	-5.56823	2.8766
1.7	2.49792	-5.61406	2.8823
1.704	2.4632	-5.65916	2.88799
1.708	2.42762	-5.70353	2.89368
1.712	2.39118	-5.74714	2.89936
1.716	2.35391	-5.78997	2.90504
1.72	2.31582	-5.83202	2.91071
1.724	2.27693	-5.87327	2.91638
1.728	2.23725	-5.9137	2.92204
1.732	2.19681	-5.95329	2.9277
1.736	2.15561	-5.99204	2.93336
1.74	2.11368	-6.02993	2.93901
1.744	2.07104	-6.06694	2.94466
1.748	2.0277	-6.10306	2.9503
1.752	1.98368	-6.13828	2.95594
1.756	1.939	-6.17258	2.96157
1.76	1.89368	-6.20596	2.9672
1.764	1.84774	-6.23839	2.97282
1.768	1.8012	-6.26988	2.97844
1.772	1.75407	-6.3004	2.98406
1.776	1.70638	-6.32996	2.98967
1.78	1.65815	-6.35853	2.99527
1.784	1.60939	-6.38611	3.00088
1.788	1.56013	-6.41268	3.00647
1.792	1.51039	-6.43825	3.01206
1.796	1.46019	-6.4628	3.01765
1.8	1.40955	-6.48631	3.02324
1.804	1.35849	-6.5088	3.02882
1.808	1.30704	-6.53024	3.03439
1.812	1.2552	-6.55063	3.03996
1.816	1.20301	-6.56996	3.04553
1.82	1.15048	-6.58823	3.05109
1.824	1.09765	-6.60544	3.05664
1.828	1.04452	-6.62157	3.0622
1.832	0.991119	-6.63662	3.06775
1.836	0.937474	-6.65059	3.07329
1.84	0.883603	-6.66348	3.07883
1.844	0.829528	-6.67528	3.08436
1.848	0.775272	-6.68598	3.08989
1.852	0.720856	-6.69559	3.09542
1.856	0.666302	-6.7041	3.10094
1.86	0.611633	-6.71151	3.10646
1.864	0.556871	-6.71783	3.11197
1.868	0.502037	-6.72304	3.11748
1.872	0.447153	-6.72715	3.12298
1.876	0.392242	-6.73016	3.12848
1.88	0.337326	-6.73207	3.13398
1.884	0.282427	-6.73288	3.13947
1.888	0.227566	-6.7326	3.14495
1.892	0.172766	-6.73122	3.15044
1.896	0.118049	-6.72874	3.15591
1.9	0.0634351	-6.72517	3.16139
1.904	0.00894748	-6.72052	3.16685
1.908	-0.0453927	-6.71478	3.17232
1.912	-0.0995639	-6.70796	3.17778
1.916	-0.153545	-6.70007	3.18323
1.92	-0.207314	-6.6911	3.18869
1.924	-0.26085	-6.68107	3.19413
1.928	-0.314132	-6.66998	3.19958
1.932	-0.36714	-6.65783	3.20501
1.936	-0.419851	-6.64464	3.21045
1.94	-0.472247	-6.63041	3.21588
1.944	-0.524305	-6.61515	3.2213
1.948	-0.576007	-6.59886	3.22672
1.952	-0.627331	-6.58155	3.23214
1.956	-0.678259	-6.56324	3.23755
1.96	-0.728769	-6.54392	3.24296
1.964	-0.778843	-6.52362	3.24836
1.968	-0.828461	-6.50233	3.25376
1.972	-0.877604	-6.48008	3.25916
1.976	-0.926254	-6.45687	3.26455
1.98	-0.974391	-6.4327	3.26993
1.984	-1.022	-6.4076	3.27531
1.988	-1.06905	-6.38157	3.28069
1.992	-1.11554	-6.35463	3.28607
1.996	-1.16145	-6.32679	3.29143
2	-1.20675	-6.29806	3.2968
2.004	-1.25143	-6.26845	3.30216
2.008	-1.29548	-6.23797	3.30752
2.012	-1.33887	-6.20665	3.31287
2.016	-1.3816	-6.17449	3.31822
2.02	-1.42364	-6.14151	3.32356
2.024	-1.46498	-6.10773	3.3289
2.028	-1.5056	-6.07315	3.33423
2.032	-1.54549	-6.03779	3.33956
2.036	-1.58463	-6.00167	3.34489
2.04	-1.62302	-5.96481	3.35021
2.044	-1.66062	-5.92721	3.35553
2.048	-1.69744	-5.8889	3.36084
2.052	-1.73346	-5.8499	3.36615
2.056	-1.76866	-5.81021	3.37146
2.06	-1.80303	-5.76986	3.37676
2.064	-1.83657	-5.72886	3.38205
2.068	-1.86925	-5.68724	3.38735
2.072	-1.90106	-5.645	3.39263
2.076	-1.932	-5.60217	3.39792
2.08	-1.96205	-5.55876	3.4032
2.084	-1.99121	-5.5148	3.40847
2.088	-2.01946	-5.4703	3.41374
2.092	-2.04679	-5.42528	3.41901
2.096	-2.07319	-5.37975	3.42427
2.1	-2.09866	-5.33375	3.42953
2.104	-2.12318	-5.28728	3.43479
2.108	-2.14675	-5.24037	3.44004
2.112	-2.16935	-5.19303	3.44528
2.116	-2.19099	-5.14529	3.45052
2.12	-2.21166	-5.09716	3.45576
2.124	-2.23134	-5.04867	3.46099
2.128	-2.25003	-4.99984	3.46622
2.132	-2.26773	-4.95068	3.47145
2.136	-2.28443	-4.90122	3.47667
2.14	-2.30012	-4.85147	3.48189
2.144	-2.31481	-4.80146	3.4871
2.148	-2.32848	-4.7512	3.49231
2.152	-2.34113	-4.70072	3.49751
2.156	-2.35276	-4.65004	3.50271
2.16	-2.36336	-4.59918	3.50791
2.164	-2.37294	-4.54815	3.5131
2.168	-2.38149	-4.49699	3.51829
2.172	-2.38901	-4.44571	3.52347
2.176	-2.3955	-4.39432	3.52865
2.18	-2.40095	-4.34286	3.53382
2.184	-2.40537	-4.29134	3.53899
2.188	-2.40876	-4.23979	3.54416
2.192	-2.41111	-4.18822	3.54932
2.196	-2.41243	-4.13665	3.55448
2.2	-2.41272	-4.08511	3.55964
2.204	-2.41197	-4.03361	3.56479
2.208	-2.4102	-3.98218	3.56993
2.212	-2.40741	-3.93084	3.57507
2.216	-2.40358	-3.8796	3.58021
2.22	-2.39874	-3.82849	3.58535
2.224	-2.39289	-3.77753	3.59048
2.228	-2.38602	-3.72674	3.5956
2.232	-2.37814	-3.67614	3.60072
2.236	-2.36926	-3.62574	3.60584
2.24	-2.35938	-3.57557	3.61095
2.244	-2.34851	-3.52565	3.61606
2.248	-2.33665	-3.476	3.62117
2.252	-2.32381	-3.42663	3.62627
2.256	-2.31	-3.37757	3.63137
2.26	-2.29522	-3.32883	3.63646
2.264	-2.27949	-3.28044	3.64155
2.268	-2.2628	-3.23241	3.64663
2.272	-2.24516	-3.18476	3.65171
2.276	-2.2266	-3.13751	3.65679
2.28	-2.20711	-3.09068	3.66186
2.284	-2.1867	-3.04429	3.66693
2.288	-2.16538	-2.99835	3.67199
2.292	-2.14317	-2.95288	3.67705
2.296	-2.12007	-2.90791	3.68211
2.3	-2.0961	-2.86343	3.68716
2.304	-2.07126	-2.81949	3.69221
2.308	-2.04557	-2.77608	3.69726
2.312	-2.01903	-2.73323	3.7023
2.316	-1.99167	-2.69095	3.70733
2.32	-1.96349	-2.64926	3.71236
2.324	-1.9345	-2.60818	3.71739
2.328	-1.90472	-2.56771	3.72242
2.332	-1.87417	-2.52788	3.72744
2.336	-1.84285	-2.48871	3.73245
2.34	-1.81077	-2.45019	3.73746
2.344	-1.77796	-2.41236	3.74247
2.348	-1.74443	-2.37522	3.74748
2.352	-1.71018	-2.33879	3.75248
2.356	-1.67525	-2.30307	3.75747
2.36	-1.63963	-2.2681	3.76246
2.364	-1.60335	-2.23386	3.76745
2.368	-1.56643	-2.20039	3.77244
2.372	-1.52887	-2.16769	3.77742
2.376	-1.49069	-2.13577	3.78239
2.38	-1.45192	-2.10465	3.78737
2.384	-1.41256	-2.07433	3.79233
2.388	-1.37264	-2.04483	3.7973
2.392	-1.33216	-2.01616	3.80226
2.396	-1.29116	-1.98832	3.80721
2.4	-1.24964	-1.96133	3.81217
2.404	-1.20762	-1.9352	3.81711
2.408	-1.16512	-1.90994	3.82206
2.412	-1.12216	-1.88554	3.827
2.416	-1.07875	-1.86204	3.83194
2.42	-1.03492	-1.83942	3.83687
2.424	-0.990677	-1.8177	3.8418
2.428	-0.946047	-1.79688	3.84672
2.432	-0.901045	-1.77698	3.85164
2.436	-0.855691	-1.758	3.85656
2.44	-0.810003	-1.73995	3.86147
2.444	-0.763999	-1.72282	3.86638
2.448	-0.717699	-1.70663	3.87129
2.452	-0.671122	-1.69138	3.87619
2.456	-0.624287	-1.67708	3.88108
2.46	-0.577213	-1.66373	3.88598
2.464	-0.529919	-1.65133	3.89087
2.468	-0.482425	-1.63989	3.89575
2.472	-0.434749	-1.62941	3.90063
2.476	-0.386912	-1.6199	3.90551
2.48	-0.338933	-1.61134	3.91038
2.484	-0.29083	-1.60376	3.91525
2.488	-0.242624	-1.59715	3.92012
2.492	-0.194334	-1.5915	3.92498
2.496	-0.14598	-1.58683	3.92984
2.5	-0.0975802	-1.58312	3.93469
2.504	-0.049155	-1.58039	3.93954
2.508	-0.000723611	-1.57863	3.94439
2.512	0.0476946	-1.57783	3.94923
2.516	0.0960803	-1.57801	3.95407
2.52	0.144414	-1.57915	3.95891
2.524	0.192677	-1.58126	3.96374
2.528	0.240849	-1.58433	3.96856
2.532	0.288912	-1.58836	3.97339
2.536	0.336846	-1.59334	3.97821
2.54	0.384633	-1.59928	3.98302
2.544	0.432253	-1.60617	3.98783
2.548	0.479688	-1.614	3.99264
2.552	0.52692	-1.62277	3.99745
2.556	0.573928	-1.63248	4.00225
2.56	0.620696	-1.64311	4.00704
2.564	0.667204	-1.65467	4.01183
2.568	0.713435	-1.66715	4.01662
2.572	0.759371	-1.68054	4.02141
2.576	0.804993	-1.69484	4.02619
2.58	0.850283	-1.71003	4.03097
2.584	0.895225	-1.72611	4.03574
2.588	0.939801	-1.74307	4.04051
2.592	0.983993	-1.76091	4.04527
2.596	1.02778	-1.77961	4.05004
2.6	1.07116	-1.79917	4.05479
2.604	1.1141	-1.81958	4.05955
2.608	1.15659	-1.84082	4.0643
2.612	1.19861	-1.86289	4.06905
2.616	1.24015	-1.88578	4.07379
2.62	1.28119	-1.90948	4.07853
2.624	1.32171	-1.93397	4.08326
2.628	1.36171	-1.95925	4.08799
2.632	1.40116	-1.9853	4.09272
2.636	1.44005	-2.01211	4.09745
2.64	1.47837	-2.03968	4.10217
2.644	1.51609	-2.06798	4.10688
2.648	1.55322	-2.09701	4.1116
2.652	1.58972	-2.12675	4.1163
2.656	1.6256	-2.15719	4.12101
2.66	1.66083	-2.18832	4.12571
2.664	1.69541	-2.22012	4.13041
2.668	1.72931	-2.25258	4.1351
2.672	1.76253	-2.28568	4.13979
2.676	1.79506	-2.31942	4.14448
2.68	1.82688	-2.35377	4.14916
2.684	1.85798	-2.38872	4.15384
2.688	1.88835	-2.42426	4.15851
2.692	1.91799	-2.46037	4.16319
2.696	1.94687	-2.49704	4.16785
2.7	1.97499	-2.53424	4.17252
2.704	2.00233	-2.57198	4.17718
2.708	2.0289	-2.61022	4.18183
2.712	2.05468	-2.64895	4.18649
2.716	2.07965	-2.68816	4.19114
2.72	2.10382	-2.72783	4.19578
2.724	2.12717	-2.76794	4.20042
2.728	2.14969	-2.80848	4.20506
2.732	2.17139	-2.84943	4.20969
2.736	2.19224	-2.89077	4.21432
2.74	2.21225	-2.93249	4.21895
2.744	2.2314	-2.97457	4.22357
2.748	2.24969	-3.01698	4.22819
2.752	2.26712	-3.05972	4.23281
2.756	2.28367	-3.10276	4.23742
2.76	2.29935	-3.1461	4.24203
2.764	2.31415	-3.1897	4.24663
2.768	2.32806	-3.23355	4.25123
2.772	2.34108	-3.27764	4.25583
2.776	2.35321	-3.32195	4.26043
2.78	2.36444	-3.36645	4.26502
2.784	2.37477	-3.41113	4.2696
2.788	2.38419	-3.45598	4.27418
2.792	2.39271	-3.50096	4.27876
2.796	2.40032	-3.54608	4.28334
2.8	2.40703	-3.5913	4.28791
2.804	2.41282	-3.63661	4.29248
2.808	2.4177	-3.68198	4.29704
2.812	2.42167	-3.72742	4.3016
2.816	2.42473	-3.77288	4.30616
2.82	2.42688	-3.81836	4.31071
2.824	2.42811	-3.86384	4.31526
2.828	2.42844	-3.9093	4.31981
2.832	2.42786	-3.95472	4.32435
2.836	2.42637	-4.00008	4.32889
2.84	2.42397	-4.04537	4.33342
2.844	2.42067	-4.09056	4.33796
2.848	2.41648	-4.13564	4.34248
2.852	2.41138	-4.1806	4.34701
2.856	2.4054	-4.2254	4.35153
2.86	2.39852	-4.27005	4.35604
2.864	2.39076	-4.31451	4.36056
2.868	2.38212	-4.35877	4.36507
2.872	2.3726	-4.40281	4.36957
2.876	2.36221	-4.44662	4.37408
2.88	2.35096	-4.49018	4.37858
2.884	2.33884	-4.53347	4.38307
2.888	2.32588	-4.57647	4.38756
2.892	2.31207	-4.61918	4.39205
2.896	2.29741	-4.66156	4.39654
2.9	2.28193	-4.70361	4.40102
2.904	2.26562	-4.74531	4.40549
2.908	2.24849	-4.78664	4.40997
2.912	2.23056	-4.82758	4.41444
2.916	2.21183	-4.86813	4.4189
2.92	2.1923	-4.90826	4.42337
2.924	2.17199	-4.94796	4.42783
2.928	2.15091	-4.98722	4.43228
2.932	2.12906	-5.02601	4.43674
2.936	2.10646	-5.06433	4.44118
2.94	2.08312	-5.10217	4.44563
2.944	2.05905	-5.13949	4.45007
2.948	2.03425	-5.1763	4.45451
2.952	2.00875	-5.21257	4.45894
2.956	1.98254	-5.2483	4.46338
2.96	1.95565	-5.28347	4.4678
2.964	1.92808	-5.31807	4.47223
2.968	1.89984	-5.35208	4.47665
2.972	1.87096	-5.3855	4.48106
2.976	1.84143	-5.4183	4.48548
2.98	1.81128	-5.45048	4.48989
2.984	1.78052	-5.48203	4.49429
2.988	1.74916	-5.51293	4.4987
2.992	1.71721	-5.54317	4.5031
2.996	1.68469	-5.57274	4.50749
3	1.65161	-5.60164	4.51188
3.004	1.61798	-5.62984	4.51627
3.008	1.58383	-5.65735	4.52066
3.012	1.54916	-5.68414	4.52504
3.016	1.51399	-5.71021	4.52942
3.02	1.47833	-5.73556	4.53379
3.024	1.44221	-5.76017	4.53816
3.028	1.40563	-5.78403	4.54253
3.032	1.3686	-5.80714	4.5469
3.036	1.33116	-5.82948	4.55126
3.04	1.2933	-5.85105	4.55561
3.044	1.25505	-5.87185	4.55997
3.048	1.21642	-5.89186	4.56432
3.052	1.17743	-5.91108	4.56866
3.056	1.1381	-5.9295	4.57301
3.06	1.09844	-5.94711	4.57735
3.064	1.05846	-5.96392	4.58168
3.068	1.01819	-5.9799	4.58602
3.072	0.977645	-5.99507	4.59035
3.076	0.936833	-6.00942	4.59467
3.08	0.895775	-6.02293	4.59899
3.084	0.854488	-6.03561	4.60331
3.088	0.812989	-6.04745	4.60763
3.092	0.771295	-6.05845	4.61194
3.096	0.729422	-6.06861	4.61625
3.1	0.687389	-6.07792	4.62056
3.104	0.645211	-6.08638	4.62486
3.108	0.602907	-6.09399	4.62916
3.112	0.560493	-6.10074	4.63345
3.116	0.517986	-6.10665	4.63774
3.12	0.475404	-6.11169	4.64203
3.124	0.432764	-6.11588	4.64632
3.128	0.390082	-6.11922	4.6506
3.132	0.347376	-6.1217	4.65487
3.136	0.304664	-6.12332	4.65915
3.14	0.261962	-6.12409	4.66342
3.144	0.219287	-6.124	4.66769
3.148	0.176657	-6.12306	4.67195
3.152	0.134088	-6.12127	4.67621
3.156	0.0915971	-6.11863	4.68047
3.16	0.0492017	-6.11514	4.68472
3.164	0.00691824	-6.11081	4.68897
3.168	-0.0352364	-6.10564	4.69322
3.172	-0.0772456	-6.09964	4.69746
3.176	-0.119093	-6.0928	4.7017
3.18	-0.160761	-6.08513	4.70594
3.184	-0.202235	-6.07663	4.71018
3.188	-0.243498	-6.06732	4.71441
3.192	-0.284533	-6.05719	4.71863
3.196	-0.325325	-6.04625	4.72286
3.2	-0.365857	-6.0345	4.72708
3.204	-0.406114	-6.02196	4.73129
3.208	-0.44608	-6.00862	4.73551
3.212	-0.48574	-5.9945	4.73972
3.216	-0.525078	-5.9796	4.74392
3.22	-0.564079	-5.96394	4.74813
3.224	-0.602728	-5.9475	4.75233
3.228	-0.64101	-5.93031	4.75652
3.232	-0.67891	-5.91238	4.76071
3.236	-0.716414	-5.8937	4.7649
3.24	-0.753507	-5.87429	4.76909
3.244	-0.790175	-5.85416	4.77327
3.248	-0.826404	-5.83332	4.77745
3.252	-0.862181	-5.81178	4.78163
3.256	-0.897492	-5.78954	4.7858
3.26	-0.932322	-5.76662	4.78997
3.264	-0.96666	-5.74302	4.79414
3.268	-1.00049	-5.71877	4.7983
3.272	-1.03381	-5.69386	4.80246
3.276	-1.06659	-5.66831	4.80662
3.28	-1.09883	-5.64213	4.81077
3.284	-1.13051	-5.61533	4.81492
3.288	-1.16163	-5.58793	4.81907
3.292	-1.19217	-5.55993	4.82321
3.296	-1.22211	-5.53135	4.82735
3.3	-1.25146	-5.5022	4.83149
3.304	-1.2802	-5.47249	4.83562
3.308	-1.30831	-5.44224	4.83975
3.312	-1.33579	-5.41145	4.84388
3.316	-1.36263	-5.38015	4.848
3.32	-1.38881	-5.34835	4.85212
3.324	-1.41434	-5.31605	4.85624
3.328	-1.43919	-5.28327	4.86035
3.332	-1.46336	-5.25003	4.86446
3.336	-1.48684	-5.21634	4.86857
3.34	-1.50963	-5.18222	4.87267
3.344	-1.53172	-5.14767	4.87677
3.348	-1.55309	-5.11272	4.88087
3.352	-1.57374	-5.07737	4.88496
3.356	-1.59366	-5.04165	4.88905
3.36	-1.61285	-5.00556	4.89314
3.364	-1.6313	-4.96913	4.89722
3.368	-1.649	-4.93237	4.9013
3.372	-1.66595	-4.89528	4.90538
3.376	-1.68215	-4.8579	4.90945
3.38	-1.69758	-4.82023	4.91352
3.384	-1.71224	-4.78229	4.91759
3.388	-1.72613	-4.74409	4.92166
3.392	-1.73924	-4.70566	4.92572
3.396	-1.75157	-4.667	4.92978
3.4	-1.76312	-4.62813	4.93383
3.404	-1.77387	-4.58908	4.93788
3.408	-1.78384	-4.54984	4.94193
3.412	-1.79301	-4.51045	4.94597
3.416	-1.80139	-4.47091	4.95002
3.42	-1.80897	-4.43124	4.95405
3.424	-1.81574	-4.39147	4.95809
3.428	-1.82172	-4.35159	4.96212
3.432	-1.82689	-4.31164	4.96615
3.436	-1.83126	-4.27163	4.97018
3.44	-1.83483	-4.23156	4.9742
3.444	-1.83759	-4.19147	4.97822
3.448	-1.83955	-4.15136	4.98223
3.452	-1.8407	-4.11125	4.98625
3.456	-1.84105	-4.07116	4.99025
3.46	-1.8406	-4.0311	4.99426
3.464	-1.83935	-3.99109	4.99826
3.468	-1.8373	-3.95114	5.00226
3.472	-1.83446	-3.91128	5.00626
3.476	-1.83082	-3.87151	5.01025
3.48	-1.82639	-3.83186	5.01424
3.484	-1.82117	-3.79233	5.01823
3.488	-1.81517	-3.75295	5.02221
3.492	-1.80839	-3.71372	5.0262
3.496	-1.80083	-3.67468	5.03017
3.5	-1.79249	-3.63582	5.03415
3.504	-1.78339	-3.59716	5.03812
3.508	-1.77353	-3.55873	5.04209
3.512	-1.76291	-3.52053	5.04605
3.516	-1.75153	-3.48259	5.05001
3.52	-1.73941	-3.44491	5.05397
3.524	-1.72655	-3.4075	5.05793
3.528	-1.71295	-3.3704	5.06188
3.532	-1.69862	-3.3336	5.06583
3.536	-1.68358	-3.29712	5.06977
3.54	-1.66782	-3.26098	5.07372
3.544	-1.65135	-3.2252	5.07765
3.548	-1.63419	-3.18977	5.08159
3.552	-1.61633	-3.15473	5.08552
3.556	-1.59779	-3.12008	5.08945
3.56	-1.57858	-3.08583	5.09338
3.564	-1.5587	-3.052	5.0973
3.568	-1.53817	-3.0186	5.10123
3.572	-1.51699	-2.98565	5.10514
3.576	-1.49517	-2.95315	5.10906
3.58	-1.47272	-2.92112	5.11297
3.584	-1.44966	-2.88957	5.11688
3.588	-1.42599	-2.85852	5.12078
3.592	-1.40172	-2.82796	5.12468
3.596	-1.37687	-2.79793	5.12858
3.6	-1.35144	-2.76842	5.13248
3.604	-1.32545	-2.73944	5.13637
3.608	-1.2989	-2.71102	5.14026
3.612	-1.27182	-2.68315	5.14415
3.616	-1.2442	-2.65586	5.14803
3.62	-1.21606	-2.62914	5.15191
3.624	-1.18742	-2.60301	5.15579
3.628	-1.15829	-2.57748	5.15966
3.632	-1.12867	-2.55256	5.16353
3.636	-1.09859	-2.52825	5.1674
3.64	-1.06805	-2.50457	5.17126
3.644	-1.03707	-2.48152	5.17512
3.648	-1.00565	-2.45912	5.17898
3.652	-0.973827	-2.43737	5.18284
3.656	-0.941596	-2.41627	5.18669
3.66	-0.908976	-2.39584	5.19054
3.664	-0.87598	-2.37608	5.19438
3.668	-0.842622	-2.357	5.19823
3.672	-0.808916	-2.33861	5.20207
3.676	-0.774877	-2.3209	5.2059
3.68	-0.740517	-2.3039	5.20974
3.684	-0.705853	-2.2876	5.21357
3.688	-0.670897	-2.27201	5.2174
3.692	-0.635664	-2.25713	5.22122
3.696	-0.60017	-2.24297	5.22504
3.7	-0.564428	-2.22954	5.22886
3.704	-0.528453	-2.21683	5.23268
3.708	-0.49226	-2.20485	5.23649
3.712	-0.455864	-2.19361	5.2403
3.716	-0.41928	-2.18311	5.2441
3.72	-0.382523	-2.17335	5.24791
3.724	-0.345607	-2.16433	5.25171
3.728	-0.308548	-2.15606	5.2555
3.732	-0.271361	-2.14854	5.2593
3.736	-0.234061	-2.14177	5.26309
3.74	-0.196662	-2.13575	5.26688
3.744	-0.159181	-2.13049	5.27066
3.748	-0.121632	-2.12598	5.27444
3.752	-0.0840305	-2.12222	5.27822
3.756	-0.0463914	-2.11922	5.282
3.76	-0.00873004	-2.11697	5.28577
3.764	0.0289386	-2.11548	5.28954
3.768	0.0665993	-2.11475	5.29331
3.772	0.104237	-2.11476	5.29707
3.776	0.141837	-2.11553	5.30083
3.78	0.179384	-2.11705	5.30459
3.784	0.216863	-2.11932	5.30835
3.788	0.254259	-2.12233	5.3121
3.792	0.291558	-2.12609	5.31585
3.796	0.328744	-2.13059	5.31959
3.8	0.365803	-2.13583	5.32334
3.804	0.402721	-2.14181	5.32708
3.808	0.439482	-2.14851	5.33081
3.812	0.476072	-2.15595	5.33455
3.816	0.512478	-2.1641	5.33828
3.82	0.548683	-2.17298	5.34201
3.824	0.584676	-2.18257	5.34573
3.828	0.62044	-2.19288	5.34945
3.832	0.655963	-2.20388	5.35317
3.836	0.691231	-2.21559	5.35689
3.84	0.726229	-2.22798	5.3606
3.844	0.760945	-2.24107	5.36431
3.848	0.795365	-2.25483	5.36802
3.852	0.829475	-2.26927	5.37172
3.856	0.863262	-2.28438	5.37542
3.86	0.896714	-2.30015	5.37912
3.864	0.929818	-2.31656	5.38282
3.868	0.96256	-2.33363	5.38651
3.872	0.994928	-2.35133	5.3902
3.876	1.02691	-2.36966	5.39388
3.88	1.05849	-2.38861	5.39757
3.884	1.08967	-2.40818	5.40125
3.888	1.12042	-2.42834	5.40492
3.892	1.15074	-2.4491	5.4086
3.896	1.18061	-2.47045	5.41227
3.9	1.21003	-2.49237	5.41594
3.904	1.23898	-2.51486	5.41961
3.908	1.26745	-2.53791	5.42327
3.912	1.29543	-2.5615	5.42693
3.916	1.32291	-2.58562	5.43059
3.92	1.34988	-2.61027	5.43424
3.924	1.37634	-2.63544	5.43789
3.928	1.40226	-2.6611	5.44154
3.932	1.42765	-2.68726	5.44518
3.936	1.45248	-2.71391	5.44883
3.94	1.47676	-2.74102	5.45247
3.944	1.50048	-2.76859	5.4561
3.948	1.52362	-2.7966	5.45974
3.952	1.54617	-2.82505	5.46337
3.956	1.56814	-2.85393	5.46699
3.96	1.5895	-2.88321	5.47062
3.964	1.61026	-2.91289	5.47424
3.968	1.63041	-2.94295	5.47786
3.972	1.64993	-2.97339	5.48148
3.976	1.66883	-3.00419	5.48509
3.98	1.68709	-3.03533	5.4887
3.984	1.70472	-3.06681	5.49231
3.988	1.72169	-3.09861	5.49591
3.992	1.73802	-3.13072	5.49952
3.996	1.75368	-3.16312	5.50311
4	1.76868	-3.1958	5.50671
4.004	1.78302	-3.22875	5.5103
4.008	1.79668	-3.26195	5.51389
4.012	1.80966	-3.29539	5.51748
4.016	1.82197	-3.32906	5.52107
4.02	1.83358	-3.36294	5.52465
4.024	1.84451	-3.39702	5.52823
4.028	1.85475	-3.43128	5.5318
4.032	1.86429	-3.46571	5.53538
4.036	1.87314	-3.5003	5.53895
4.04	1.88128	-3.53503	5.54251
4.044	1.88873	-3.56989	5.54608
4.048	1.89547	-3.60487	5.54964
4.052	1.9015	-3.63994	5.5532
4.056	1.90683	-3.6751	5.55675
4.06	1.91144	-3.71033	5.56031
4.064	1.91535	-3.74561	5.56386
4.068	1.91855	-3.78094	5.56741
4.072	1.92105	-3.8163	5.57095
4.076	1.92283	-3.85167	5.57449
4.08	1.9239	-3.88705	5.57803
4.084	1.92427	-3.92241	5.58157
4.088	1.92393	-3.95774	5.5851
4.092	1.92288	-3.99303	5.58863
4.096	1.92113	-4.02826	5.59216
