0	0	0	0
0.002	0.0399913	-0.000199945	0.0039992
0.004	0.0799627	-0.000799547	0.0079968
0.006	0.11991	-0.00179843	0.0119928
0.008	0.159829	-0.00319616	0.0159872
0.01	0.199717	-0.0049923	0.01998
0.012	0.239569	-0.00718633	0.0239712
0.014	0.27938	-0.00977773	0.0279608
0.016	0.319148	-0.0127659	0.0319489
0.018	0.358868	-0.0161503	0.0359353
0.02	0.398537	-0.0199301	0.0399201
0.022	0.43815	-0.0241048	0.0439033
0.024	0.477703	-0.0286736	0.047885
0.026	0.517193	-0.0336357	0.051865
0.028	0.556615	-0.0389903	0.0558435
0.03	0.595966	-0.0447365	0.0598204
0.032	0.635242	-0.0508735	0.0637956
0.034	0.674439	-0.0574003	0.0677693
0.036	0.713553	-0.064316	0.0717414
0.038	0.752581	-0.0716196	0.0757119
0.04	0.791518	-0.07931	0.0796809
0.042	0.83036	-0.0873861	0.0836482
0.044	0.869104	-0.0958469	0.0876139
0.046	0.907747	-0.104691	0.0915781
0.048	0.946283	-0.113918	0.0955407
0.05	0.98471	-0.123525	0.0995017
0.052	1.02302	-0.133513	0.103461
0.054	1.06122	-0.143878	0.107419
0.056	1.0993	-0.154621	0.111375
0.058	1.13725	-0.16574	0.11533
0.06	1.17507	-0.177233	0.119283
0.062	1.21276	-0.189099	0.123234
0.064	1.25032	-0.201337	0.127184
0.066	1.28773	-0.213944	0.131133
0.068	1.32501	-0.22692	0.135079
0.07	1.36213	-0.240262	0.139025
0.072	1.39911	-0.25397	0.142968
0.074	1.43593	-0.268041	0.14691
0.076	1.4726	-0.282473	0.150851
0.078	1.5091	-0.297266	0.15479
0.08	1.54545	-0.312417	0.158727
0.082	1.58162	-0.327924	0.162663
0.084	1.61762	-0.343786	0.166597
0.086	1.65345	-0.360001	0.170529
0.088	1.6891	-0.376567	0.17446
0.09	1.72456	-0.393481	0.17839
0.092	1.75985	-0.410743	0.182318
0.094	1.79494	-0.428349	0.186244
0.096	1.82984	-0.446298	0.190169
0.098	1.86455	-0.464588	0.194092
0.1	1.89906	-0.483217	0.198013
0.102	1.93336	-0.502182	0.201933
0.104	1.96747	-0.521481	0.205852
0.106	2.00136	-0.541113	0.209769
0.108	2.03504	-0.561075	0.213684
0.11	2.06851	-0.581364	0.217598
0.112	2.10176	-0.601979	0.22151
0.114	2.13479	-0.622917	0.22542
0.116	2.16759	-0.644176	0.229329
0.118	2.20017	-0.665753	0.233237
0.12	2.23252	-0.687646	0.237143
0.122	2.26463	-0.709852	0.241047
0.124	2.29651	-0.73237	0.24495
0.126	2.32814	-0.755196	0.248851
0.128	2.35954	-0.778328	0.252751
0.13	2.39069	-0.801763	0.256649
0.132	2.42159	-0.825499	0.260546
0.134	2.45224	-0.849533	0.264441
0.136	2.48264	-0.873863	0.268334
0.138	2.51278	-0.898486	0.272226
0.14	2.54266	-0.923399	0.276116
0.142	2.57227	-0.9486	0.280005
0.144	2.60162	-0.974085	0.283892
0.146	2.63071	-0.999852	0.287778
0.148	2.65952	-1.0259	0.291662
0.15	2.68806	-1.05222	0.295545
0.152	2.71633	-1.07882	0.299426
0.154	2.74431	-1.10568	0.303305
0.156	2.77202	-1.13282	0.307183
0.158	2.79944	-1.16022	0.311059
0.16	2.82657	-1.18788	0.314934
0.162	2.85342	-1.2158	0.318807
0.164	2.87997	-1.24397	0.322679
0.166	2.90623	-1.2724	0.326549
0.168	2.9322	-1.30108	0.330418
0.17	2.95786	-1.33	0.334285
0.172	2.98323	-1.35917	0.33815
0.174	3.00829	-1.38858	0.342014
0.176	3.03305	-1.41822	0.345877
0.178	3.0575	-1.4481	0.349738
0.18	3.08164	-1.47821	0.353597
0.182	3.10547	-1.50855	0.357455
0.184	3.12899	-1.53912	0.361311
0.186	3.15219	-1.5699	0.365166
0.188	3.17507	-1.6009	0.369019
0.19	3.19763	-1.63212	0.372871
0.192	3.21987	-1.66355	0.376721
0.194	3.24178	-1.69518	0.380569
0.196	3.26337	-1.72703	0.384416
0.198	3.28463	-1.75907	0.388262
0.2	3.30556	-1.79131	0.392106
0.202	3.32616	-1.82375	0.395948
0.204	3.34642	-1.85637	0.399789
0.206	3.36635	-1.88919	0.403628
0.208	3.38594	-1.92219	0.407466
0.21	3.4052	-1.95537	0.411302
0.212	3.42411	-1.98873	0.415137
0.214	3.44268	-2.02226	0.41897
0.216	3.46091	-2.05596	0.422802
0.218	3.4788	-2.08983	0.426632
0.22	3.49633	-2.12386	0.43046
0.222	3.51352	-2.15806	0.434287
0.224	3.53036	-2.19241	0.438113
0.226	3.54685	-2.22691	0.441937
0.228	3.56298	-2.26156	0.445759
0.23	3.57877	-2.29636	0.44958
0.232	3.59419	-2.3313	0.4534
0.234	3.60926	-2.36638	0.457218
0.236	3.62398	-2.40159	0.461034
0.238	3.63833	-2.43693	0.464849
0.24	3.65233	-2.47241	0.468662
0.242	3.66596	-2.508	0.472474
0.244	3.67923	-2.54372	0.476284
0.246	3.69214	-2.57955	0.480093
0.248	3.70469	-2.61549	0.4839
0.25	3.71687	-2.65155	0.487706
0.252	3.72869	-2.68771	0.49151
0.254	3.74013	-2.72397	0.495313
0.256	3.75121	-2.76033	0.499114
0.258	3.76193	-2.79679	0.502913
0.26	3.77227	-2.83333	0.506711
0.262	3.78224	-2.86996	0.510508
0.264	3.79184	-2.90668	0.514303
0.266	3.80107	-2.94347	0.518096
0.268	3.80993	-2.98034	0.521888
0.27	3.81842	-3.01729	0.525679
0.272	3.82653	-3.0543	0.529468
0.274	3.83427	-3.09137	0.533255
0.276	3.84164	-3.12851	0.537041
0.278	3.84863	-3.1657	0.540826
0.28	3.85524	-3.20295	0.544609
0.282	3.86148	-3.24024	0.54839
0.284	3.86735	-3.27758	0.55217
0.286	3.87284	-3.31497	0.555948
0.288	3.87795	-3.35239	0.559725
0.29	3.88269	-3.38984	0.563501
0.292	3.88705	-3.42733	0.567274
0.294	3.89103	-3.46484	0.571047
0.296	3.89464	-3.50238	0.574818
0.298	3.89787	-3.53993	0.578587
0.3	3.90072	-3.5775	0.582355
0.302	3.9032	-3.61508	0.586121
0.304	3.9053	-3.65267	0.589886
0.306	3.90702	-3.69026	0.593649
0.308	3.90837	-3.72786	0.597411
0.31	3.90934	-3.76545	0.601171
0.312	3.90993	-3.80303	0.60493
0.314	3.91015	-3.8406	0.608687
0.316	3.90999	-3.87816	0.612443
0.318	3.90946	-3.9157	0.616197
0.32	3.90855	-3.95322	0.61995
0.322	3.90727	-3.99071	0.623701
0.324	3.90561	-4.02817	0.627451
0.326	3.90358	-4.06559	0.631199
0.328	3.90117	-4.10298	0.634946
0.33	3.8984	-4.14033	0.638691
0.332	3.89525	-4.17764	0.642435
0.334	3.89173	-4.2149	0.646177
0.336	3.88784	-4.2521	0.649918
0.338	3.88358	-4.28925	0.653657
0.34	3.87895	-4.32634	0.657395
0.342	3.87395	-4.36337	0.661132
0.344	3.86858	-4.40033	0.664866
0.346	3.86285	-4.43722	0.6686
0.348	3.85675	-4.47403	0.672331
0.35	3.85028	-4.51077	0.676062
0.352	3.84345	-4.54743	0.679791
0.354	3.83626	-4.584	0.683518
0.356	3.8287	-4.62048	0.687244
0.358	3.82079	-4.65688	0.690968
0.36	3.81251	-4.69317	0.694691
0.362	3.80387	-4.72937	0.698412
0.364	3.79488	-4.76547	0.702132
0.366	3.78553	-4.80146	0.705851
0.368	3.77582	-4.83733	0.709568
0.37	3.76576	-4.8731	0.713283
0.372	3.75535	-4.90875	0.716997
0.374	3.74458	-4.94428	0.720709
0.376	3.73347	-4.97969	0.72442
0.378	3.722	-5.01496	0.72813
0.38	3.71019	-5.05011	0.731838
0.382	3.69803	-5.08513	0.735544
0.384	3.68553	-5.12	0.739249
0.386	3.67268	-5.15474	0.742953
0.388	3.6595	-5.18933	0.746655
0.39	3.64597	-5.22378	0.750356
0.392	3.6321	-5.25807	0.754055
0.394	3.6179	-5.29221	0.757752
0.396	3.60337	-5.3262	0.761449
0.398	3.5885	-5.36002	0.765143
0.4	3.5733	-5.39368	0.768837
0.402	3.55777	-5.42717	0.772528
0.404	3.54191	-5.46049	0.776219
0.406	3.52572	-5.49364	0.779907
0.408	3.50921	-5.52661	0.783595
0.41	3.49238	-5.5594	0.78728
0.412	3.47523	-5.59201	0.790965
0.414	3.45776	-5.62443	0.794648
0.416	3.43998	-5.65666	0.798329
0.418	3.42188	-5.6887	0.802009
0.42	3.40347	-5.72055	0.805687
0.422	3.38475	-5.75219	0.809364
0.424	3.36572	-5.78364	0.81304
0.426	3.34638	-5.81488	0.816714
0.428	3.32674	-5.84591	0.820387
0.43	3.3068	-5.87674	0.824058
0.432	3.28656	-5.90735	0.827727
0.434	3.26603	-5.93774	0.831396
0.436	3.2452	-5.96792	0.835062
0.438	3.22407	-5.99787	0.838727
0.44	3.20266	-6.0276	0.842391
0.442	3.18096	-6.0571	0.846054
0.444	3.15898	-6.08637	0.849714
0.446	3.13671	-6.11541	0.853374
0.448	3.11416	-6.14421	0.857032
0.45	3.09133	-6.17278	0.860688
0.452	3.06823	-6.2011	0.864343
0.454	3.04486	-6.22918	0.867997
0.456	3.02121	-6.25701	0.871649
0.458	2.9973	-6.2846	0.875299
0.46	2.97312	-6.31193	0.878949
0.462	2.94868	-6.33901	0.882596
0.464	2.92399	-6.36583	0.886242
0.466	2.89903	-6.3924	0.889887
0.468	2.87382	-6.4187	0.893531
0.47	2.84836	-6.44474	0.897172
0.472	2.82265	-6.47051	0.900813
0.474	2.79669	-6.49601	0.904452
0.476	2.77049	-6.52124	0.908089
0.478	2.74405	-6.5462	0.911725
0.48	2.71737	-6.57089	0.91536
0.482	2.69046	-6.59529	0.918993
0.484	2.66331	-6.61942	0.922625
0.486	2.63594	-6.64326	0.926255
0.488	2.60834	-6.66682	0.929884
0.49	2.58052	-6.6901	0.933511
0.492	2.55248	-6.71308	0.937137
0.494	2.52422	-6.73577	0.940761
0.496	2.49574	-6.75818	0.944384
0.498	2.46706	-6.78028	0.948006
0.5	2.43816	-6.80209	0.951626
0.502	2.40907	-6.8236	0.955244
0.504	2.37977	-6.84481	0.958862
0.506	2.35027	-6.86572	0.962477
0.508	2.32057	-6.88633	0.966092
0.51	2.29068	-6.90662	0.969704
0.512	2.26061	-6.92661	0.973316
0.514	2.23034	-6.94629	0.976926
0.516	2.1999	-6.96566	0.980534
0.518	2.16927	-6.98472	0.984141
0.52	2.13847	-7.00346	0.987747
0.522	2.10749	-7.02189	0.991351
0.524	2.07635	-7.03999	0.994954
0.526	2.04503	-7.05778	0.998555
0.528	2.01356	-7.07525	1.00216
0.53	1.98192	-7.09239	1.00575
0.532	1.95012	-7.10921	1.00935
0.534	1.91818	-7.1257	1.01295
0.536	1.88608	-7.14187	1.01654
0.538	1.85383	-7.15771	1.02013
0.54	1.82144	-7.17322	1.02372
0.542	1.78891	-7.1884	1.02731
0.544	1.75624	-7.20325	1.0309
0.546	1.72344	-7.21776	1.03449
0.548	1.69051	-7.23194	1.03807
0.55	1.65745	-7.24579	1.04166
0.552	1.62427	-7.2593	1.04524
0.554	1.59097	-7.27247	1.04882
0.556	1.55755	-7.2853	1.0524
0.558	1.52402	-7.29779	1.05598
0.56	1.49037	-7.30994	1.05956
0.562	1.45663	-7.32175	1.06313
0.564	1.42278	-7.33321	1.06671
0.566	1.38883	-7.34434	1.07028
0.568	1.35478	-7.35511	1.07385
0.57	1.32064	-7.36555	1.07742
0.572	1.28641	-7.37563	1.08099
0.574	1.2521	-7.38538	1.08456
0.576	1.2177	-7.39477	1.08812
0.578	1.18323	-7.40381	1.09169
0.58	1.14868	-7.41251	1.09525
0.582	1.11406	-7.42086	1.09881
0.584	1.07938	-7.42885	1.10237
0.586	1.04462	-7.4365	1.10593
0.588	1.00981	-7.4438	1.10948
0.59	0.974941	-7.45074	1.11304
0.592	0.940017	-7.45734	1.11659
0.594	0.905044	-7.46358	1.12015
0.596	0.870023	-7.46946	1.1237
0.598	0.834959	-7.475	1.12725
0.6	0.799856	-7.48018	1.1308
0.602	0.764717	-7.48501	1.13434
0.604	0.729545	-7.48949	1.13789
0.606	0.694345	-7.49361	1.14143
0.608	0.659119	-7.49738	1.14498
0.61	0.623871	-7.5008	1.14852
0.612	0.588605	-7.50386	1.15206
0.614	0.553324	-7.50657	1.15559
0.616	0.518032	-7.50892	1.15913
0.618	0.482732	-7.51092	1.16267
0.62	0.447429	-7.51257	1.1662
0.622	0.412124	-7.51386	1.16973
0.624	0.376823	-7.5148	1.17327
0.626	0.341528	-7.51538	1.1768
0.628	0.306243	-7.51562	1.18032
0.63	0.270972	-7.5155	1.18385
0.632	0.235718	-7.51502	1.18738
0.634	0.200484	-7.5142	1.1909
0.636	0.165275	-7.51302	1.19442
0.638	0.130093	-7.51149	1.19795
0.64	0.0949418	-7.50961	1.20147
0.642	0.0598256	-7.50738	1.20498
0.644	0.0247474	-7.50481	1.2085
0.646	-0.0102892	-7.50188	1.21202
0.648	-0.0452807	-7.4986	1.21553
0.65	-0.0802237	-7.49497	1.21905
0.652	-0.115115	-7.491	1.22256
0.654	-0.14995	-7.48668	1.22607
0.656	-0.184727	-7.48201	1.22958
0.658	-0.219442	-7.477	1.23308
0.66	-0.25409	-7.47164	1.23659
0.662	-0.28867	-7.46594	1.24009
0.664	-0.323177	-7.45989	1.2436
0.666	-0.357608	-7.45351	1.2471
0.668	-0.39196	-7.44678	1.2506
0.67	-0.426229	-7.43971	1.2541
0.672	-0.460412	-7.4323	1.2576
0.674	-0.494506	-7.42456	1.26109
0.676	-0.528507	-7.41647	1.26459
0.678	-0.562411	-7.40805	1.26808
0.68	-0.596217	-7.3993	1.27157
0.682	-0.629919	-7.39021	1.27506
0.684	-0.663516	-7.38079	1.27855
0.686	-0.697003	-7.37104	1.28204
0.688	-0.730378	-7.36095	1.28553
0.69	-0.763637	-7.35054	1.28901
0.692	-0.796777	-7.3398	1.2925
0.694	-0.829794	-7.32873	1.29598
0.696	-0.862686	-7.31734	1.29946
0.698	-0.89545	-7.30563	1.30294
0.7	-0.928082	-7.29359	1.30642
0.702	-0.960578	-7.28123	1.30989
0.704	-0.992937	-7.26855	1.31337
0.706	-1.02515	-7.25556	1.31684
0.708	-1.05723	-7.24225	1.32032
0.71	-1.08915	-7.22862	1.32379
0.712	-1.12093	-7.21468	1.32726
0.714	-1.15255	-7.20043	1.33073
0.716	-1.18401	-7.18587	1.33419
0.718	-1.21532	-7.171	1.33766
0.72	-1.24646	-7.15583	1.34112
0.722	-1.27744	-7.14035	1.34459
0.724	-1.30824	-7.12457	1.34805
0.726	-1.33888	-7.10848	1.35151
0.728	-1.36934	-7.0921	1.35497
0.73	-1.39962	-7.07542	1.35842
0.732	-1.42973	-7.05845	1.36188
0.734	-1.45965	-7.04118	1.36533
0.736	-1.48938	-7.02363	1.36879
0.738	-1.51893	-7.00578	1.37224
0.74	-1.54828	-6.98764	1.37569
0.742	-1.57744	-6.96922	1.37914
0.744	-1.6064	-6.95052	1.38259
0.746	-1.63517	-6.93153	1.38603
0.748	-1.66373	-6.91227	1.38948
0.75	-1.69208	-6.89273	1.39292
0.752	-1.72023	-6.87292	1.39636
0.754	-1.74816	-6.85283	1.3998
0.756	-1.77588	-6.83247	1.40324
0.758	-1.80339	-6.81185	1.40668
0.76	-1.83068	-6.79096	1.41012
0.762	-1.85774	-6.7698	1.41355
0.764	-1.88459	-6.74839	1.41699
0.766	-1.9112	-6.72671	1.42042
0.768	-1.93759	-6.70478	1.42385
0.77	-1.96375	-6.6826	1.42728
0.772	-1.98967	-6.66016	1.43071
0.774	-2.01536	-6.63748	1.43414
0.776	-2.04081	-6.61454	1.43756
0.778	-2.06602	-6.59137	1.44099
0.78	-2.09098	-6.56795	1.44441
0.782	-2.1157	-6.5443	1.44783
0.784	-2.14017	-6.5204	1.45125
0.786	-2.1644	-6.49628	1.45467
0.788	-2.18837	-6.47192	1.45809
0.79	-2.21208	-6.44733	1.4615
0.792	-2.23554	-6.42252	1.46492
0.794	-2.25874	-6.39748	1.46833
0.796	-2.28168	-6.37223	1.47174
0.798	-2.30436	-6.34675	1.47515
0.8	-2.32678	-6.32106	1.47856
0.802	-2.34892	-6.29516	1.48197
0.804	-2.3708	-6.26905	1.48538
0.806	-2.39241	-6.24273	1.48878
0.808	-2.41374	-6.21621	1.49219
0.81	-2.4348	-6.18949	1.49559
0.812	-2.45558	-6.16256	1.49899
0.814	-2.47608	-6.13544	1.50239
0.816	-2.49631	-6.10813	1.50579
0.818	-2.51625	-6.08063	1.50918
0.82	-2.53591	-6.05295	1.51258
0.822	-2.55528	-6.02507	1.51597
0.824	-2.57436	-5.99702	1.51937
0.826	-2.59316	-5.96879	1.52276
0.828	-2.61166	-5.94038	1.52615
0.83	-2.62988	-5.9118	1.52954
0.832	-2.6478	-5.88306	1.53293
0.834	-2.66542	-5.85414	1.53631
0.836	-2.68275	-5.82507	1.5397
0.838	-2.69977	-5.79583	1.54308
0.84	-2.7165	-5.76644	1.54646
0.842	-2.73293	-5.73689	1.54984
0.844	-2.74905	-5.70719	1.55322
0.846	-2.76487	-5.67734	1.5566
0.848	-2.78039	-5.64735	1.55998
0.85	-2.7956	-5.61722	1.56335
0.852	-2.8105	-5.58695	1.56673
0.854	-2.82509	-5.55654	1.5701
0.856	-2.83937	-5.526	1.57347
0.858	-2.85333	-5.49533	1.57684
0.86	-2.86699	-5.46454	1.58021
0.862	-2.88033	-5.43362	1.58358
0.864	-2.89336	-5.40259	1.58694
0.866	-2.90607	-5.37143	1.59031
0.868	-2.91846	-5.34017	1.59367
0.87	-2.93054	-5.30879	1.59703
0.872	-2.94229	-5.27731	1.60039
0.874	-2.95373	-5.24573	1.60375
0.876	-2.96484	-5.21404	1.60711
0.878	-2.97564	-5.18226	1.61047
0.88	-2.98611	-5.15038	1.61382
0.882	-2.99625	-5.11842	1.61717
0.884	-3.00608	-5.08637	1.62053
0.886	-3.01558	-5.05423	1.62388
0.888	-3.02475	-5.02201	1.62723
0.89	-3.0336	-4.98972	1.63058
0.892	-3.04212	-4.95735	1.63392
0.894	-3.05031	-4.92491	1.63727
0.896	-3.05818	-4.8924	1.64061
0.898	-3.06571	-4.85983	1.64396
0.9	-3.07292	-4.8272	1.6473
0.902	-3.0798	-4.79451	1.65064
0.904	-3.08635	-4.76177	1.65398
0.906	-3.09256	-4.72898	1.65732
0.908	-3.09845	-4.69614	1.66065
0.91	-3.10401	-4.66325	1.66399
0.912	-3.10923	-4.63033	1.66732
0.914	-3.11413	-4.59737	1.67065
0.916	-3.11869	-4.56437	1.67398
0.918	-3.12292	-4.53134	1.67731
0.92	-3.12682	-4.49829	1.68064
0.922	-3.13038	-4.46521	1.68397
0.924	-3.13362	-4.43211	1.68729
0.926	-3.13652	-4.39899	1.69062
0.928	-3.13909	-4.36586	1.69394
0.93	-3.14132	-4.33272	1.69726
0.932	-3.14323	-4.29957	1.70058
0.934	-3.1448	-4.26642	1.7039
0.936	-3.14604	-4.23326	1.70722
0.938	-3.14695	-4.20011	1.71054
0.94	-3.14753	-4.16696	1.71385
0.942	-3.14777	-4.13383	1.71717
0.944	-3.14768	-4.1007	1.72048
0.946	-3.14727	-4.06759	1.72379
0.948	-3.14652	-4.0345	1.7271
0.95	-3.14544	-4.00144	1.73041
0.952	-3.14403	-3.96839	1.73372
0.954	-3.14229	-3.93538	1.73702
0.956	-3.14022	-3.9024	1.74033
0.958	-3.13783	-3.86946	1.74363
0.96	-3.1351	-3.83655	1.74693
0.962	-3.13205	-3.80369	1.75023
0.964	-3.12867	-3.77087	1.75353
0.966	-3.12497	-3.7381	1.75683
0.968	-3.12093	-3.70538	1.76013
0.97	-3.11658	-3.67272	1.76342
0.972	-3.1119	-3.64011	1.76671
0.974	-3.10689	-3.60757	1.77001
0.976	-3.10156	-3.57509	1.7733
0.978	-3.09591	-3.54268	1.77659
0.98	-3.08994	-3.51034	1.77988
0.982	-3.08365	-3.47807	1.78317
0.984	-3.07703	-3.44588	1.78645
0.986	-3.0701	-3.41377	1.78974
0.988	-3.06285	-3.38175	1.79302
0.99	-3.05529	-3.34981	1.7963
0.992	-3.04741	-3.31796	1.79958
0.994	-3.03921	-3.28621	1.80286
0.996	-3.0307	-3.25455	1.80614
0.998	-3.02188	-3.22299	1.80942
1	-3.01274	-3.19154	1.81269
1.002	-3.0033	-3.16019	1.81597
1.004	-2.99354	-3.12894	1.81924
1.006	-2.98348	-3.09781	1.82251
1.008	-2.97311	-3.0668	1.82578
1.01	-2.96244	-3.0359	1.82905
1.012	-2.95146	-3.00512	1.83232
1.014	-2.94018	-2.97447	1.83558
1.016	-2.9286	-2.94394	1.83885
1.018	-2.91672	-2.91354	1.84211
1.02	-2.90454	-2.88327	1.84538
1.022	-2.89206	-2.85314	1.84864
1.024	-2.87929	-2.82315	1.8519
1.026	-2.86622	-2.7933	1.85516
1.028	-2.85286	-2.76359	1.85841
1.03	-2.83921	-2.73403	1.86167
1.032	-2.82527	-2.70462	1.86492
1.034	-2.81104	-2.67537	1.86818
1.036	-2.79653	-2.64626	1.87143
1.038	-2.78173	-2.61732	1.87468
1.04	-2.76665	-2.58854	1.87793
1.042	-2.75129	-2.55992	1.88118
1.044	-2.73565	-2.53146	1.88442
1.046	-2.71973	-2.50318	1.88767
1.048	-2.70354	-2.47507	1.89091
1.05	-2.68707	-2.44713	1.89416
1.052	-2.67033	-2.41937	1.8974
1.054	-2.65332	-2.39179	1.90064
1.056	-2.63604	-2.36439	1.90388
1.058	-2.6185	-2.33718	1.90712
1.06	-2.60069	-2.31015	1.91035
1.062	-2.58262	-2.28332	1.91359
1.064	-2.56429	-2.25667	1.91682
1.066	-2.54571	-2.23022	1.92005
1.068	-2.52686	-2.20397	1.92329
1.07	-2.50777	-2.17793	1.92652
1.072	-2.48842	-2.15208	1.92974
1.074	-2.46882	-2.12644	1.93297
1.076	-2.44897	-2.101	1.9362
1.078	-2.42888	-2.07578	1.93942
1.08	-2.40854	-2.05076	1.94265
1.082	-2.38797	-2.02597	1.94587
1.084	-2.36715	-2.00138	1.94909
1.086	-2.3461	-1.97702	1.95231
1.088	-2.32482	-1.95288	1.95553
1.09	-2.3033	-1.92896	1.95875
1.092	-2.28156	-1.90527	1.96196
1.094	-2.25958	-1.88181	1.96518
1.096	-2.23738	-1.85858	1.96839
1.098	-2.21496	-1.83558	1.9716
1.1	-2.19233	-1.81281	1.97481
1.102	-2.16947	-1.79028	1.97802
1.104	-2.1464	-1.76799	1.98123
1.106	-2.12311	-1.74594	1.98444
1.108	-2.09962	-1.72413	1.98764
1.11	-2.07592	-1.70257	1.99085
1.112	-2.05201	-1.68125	1.99405
1.114	-2.0279	-1.66018	1.99725
1.116	-2.00359	-1.63937	2.00045
1.118	-1.97908	-1.6188	2.00365
1.12	-1.95438	-1.59849	2.00685
1.122	-1.92949	-1.57843	2.01005
1.124	-1.90441	-1.55864	2.01324
1.126	-1.87914	-1.5391	2.01643
1.128	-1.85369	-1.51982	2.01963
1.13	-1.82806	-1.50081	2.02282
1.132	-1.80224	-1.48206	2.02601
1.134	-1.77626	-1.46358	2.0292
1.136	-1.7501	-1.44537	2.03239
1.138	-1.72377	-1.42742	2.03557
1.14	-1.69727	-1.40975	2.03876
1.142	-1.6706	-1.39235	2.04194
1.144	-1.64378	-1.37522	2.04512
1.146	-1.61679	-1.35838	2.04831
1.148	-1.58965	-1.3418	2.05149
1.15	-1.56236	-1.32551	2.05466
1.152	-1.53491	-1.3095	2.05784
1.154	-1.50732	-1.29376	2.06102
1.156	-1.47958	-1.27831	2.06419
1.158	-1.45171	-1.26315	2.06737
1.16	-1.42369	-1.24827	2.07054
1.162	-1.39553	-1.23368	2.07371
1.164	-1.36725	-1.21937	2.07688
1.166	-1.33883	-1.20536	2.08005
1.168	-1.31028	-1.19163	2.08322
1.17	-1.28161	-1.1782	2.08638
1.172	-1.25282	-1.16506	2.08955
1.174	-1.22391	-1.15221	2.09271
1.176	-1.19489	-1.13966	2.09587
1.178	-1.16575	-1.1274	2.09903
1.18	-1.1365	-1.11544	2.10219
1.182	-1.10715	-1.10378	2.10535
1.184	-1.0777	-1.09242	2.10851
1.186	-1.04814	-1.08135	2.11166
1.188	-1.01849	-1.07059	2.11482
1.19	-0.988737	-1.06013	2.11797
1.192	-0.958898	-1.04997	2.12113
1.194	-0.92897	-1.04011	2.12428
1.196	-0.898958	-1.03055	2.12743
1.198	-0.868863	-1.02131	2.13057
1.2	-0.83869	-1.01236	2.13372
1.202	-0.80844	-1.00372	2.13687
1.204	-0.778118	-0.995389	2.14001
1.206	-0.747727	-0.987363	2.14316
1.208	-0.717268	-0.979645	2.1463
1.21	-0.686747	-0.972234	2.14944
1.212	-0.656165	-0.965132	2.15258
1.214	-0.625526	-0.958339	2.15572
1.216	-0.594832	-0.951855	2.15885
1.218	-0.564088	-0.945681	2.16199
1.22	-0.533296	-0.939817	2.16512
1.222	-0.502459	-0.934264	2.16826
1.224	-0.47158	-0.929021	2.17139
1.226	-0.440663	-0.924089	2.17452
1.228	-0.40971	-0.919468	2.17765
1.23	-0.378725	-0.915159	2.18078
1.232	-0.347711	-0.911162	2.1839
1.234	-0.316672	-0.907476	2.18703
1.236	-0.285609	-0.904102	2.19016
1.238	-0.254526	-0.901041	2.19328
1.24	-0.223427	-0.898291	2.1964
1.242	-0.192314	-0.895853	2.19952
1.244	-0.161191	-0.893728	2.20264
1.246	-0.130061	-0.891915	2.20576
1.248	-0.0989265	-0.890413	2.20888
1.25	-0.0677911	-0.889224	2.21199
1.252	-0.0366578	-0.888346	2.21511
1.254	-0.00552968	-0.88778	2.21822
1.256	0.02559	-0.887525	2.22133
1.258	0.0566983	-0.887581	2.22444
1.26	0.087792	-0.887949	2.22755
1.262	0.118868	-0.888627	2.23066
1.264	0.149923	-0.889615	2.23377
1.266	0.180955	-0.890914	2.23687
1.268	0.211959	-0.892521	2.23998
1.27	0.242934	-0.894439	2.24308
1.272	0.273875	-0.896664	2.24618
1.274	0.30478	-0.899199	2.24929
1.276	0.335646	-0.90204	2.25238
1.278	0.36647	-0.90519	2.25548
1.28	0.397248	-0.908646	2.25858
1.282	0.427978	-0.912408	2.26168
1.284	0.458657	-0.916475	2.26477
1.286	0.489281	-0.920847	2.26786
1.288	0.519847	-0.925524	2.27096
1.29	0.550353	-0.930504	2.27405
1.292	0.580796	-0.935786	2.27714
1.294	0.611172	-0.941371	2.28023
1.296	0.641479	-0.947256	2.28331
1.298	0.671713	-0.953442	2.2864
1.3	0.701872	-0.959927	2.28948
1.302	0.731952	-0.966711	2.29257
1.304	0.761951	-0.973793	2.29565
1.306	0.791865	-0.981171	2.29873
1.308	0.821693	-0.988845	2.30181
1.31	0.85143	-0.996813	2.30489
1.312	0.881074	-1.00508	2.30797
1.314	0.910623	-1.01363	2.31104
1.316	0.940072	-1.02248	2.31412
1.318	0.96942	-1.03161	2.31719
1.32	0.998664	-1.04104	2.32026
1.322	1.0278	-1.05075	2.32334
1.324	1.05683	-1.06075	2.32641
1.326	1.08574	-1.07104	2.32947
1.328	1.11454	-1.08161	2.33254
1.33	1.14321	-1.09247	2.33561
1.332	1.17177	-1.1036	2.33867
1.334	1.2002	-1.11502	2.34174
1.336	1.22851	-1.12671	2.3448
1.338	1.25669	-1.13869	2.34786
1.34	1.28473	-1.15094	2.35092
1.342	1.31264	-1.16346	2.35398
1.344	1.34041	-1.17626	2.35704
1.346	1.36804	-1.18933	2.3601
1.348	1.39553	-1.20267	2.36315
1.35	1.42287	-1.21627	2.36621
1.352	1.45006	-1.23015	2.36926
1.354	1.4771	-1.24429	2.37231
1.356	1.50399	-1.2587	2.37536
1.358	1.53073	-1.27336	2.37841
1.36	1.5573	-1.28829	2.38146
1.362	1.58371	-1.30348	2.3845
1.364	1.60996	-1.31892	2.38755
1.366	1.63605	-1.33462	2.39059
1.368	1.66196	-1.35057	2.39364
1.37	1.68771	-1.36678	2.39668
1.372	1.71328	-1.38323	2.39972
1.374	1.73867	-1.39994	2.40276
1.376	1.76388	-1.41689	2.4058
1.378	1.78892	-1.43408	2.40883
1.38	1.81377	-1.45152	2.41187
1.382	1.83844	-1.4692	2.41491
1.384	1.86292	-1.48711	2.41794
1.386	1.8872	-1.50526	2.42097
1.388	1.9113	-1.52365	2.424
1.39	1.9352	-1.54227	2.42703
1.392	1.95891	-1.56112	2.43006
1.394	1.98241	-1.5802	2.43309
1.396	2.00571	-1.5995	2.43611
1.398	2.02882	-1.61903	2.43914
1.4	2.05171	-1.63878	2.44216
1.402	2.0744	-1.65875	2.44519
1.404	2.09688	-1.67894	2.44821
1.406	2.11914	-1.69935	2.45123
1.408	2.14119	-1.71997	2.45425
1.41	2.16303	-1.7408	2.45726
1.412	2.18465	-1.76183	2.46028
1.414	2.20604	-1.78308	2.46329
1.416	2.22722	-1.80453	2.46631
1.418	2.24817	-1.82618	2.46932
1.42	2.2689	-1.84803	2.47233
1.422	2.28939	-1.87008	2.47534
1.424	2.30966	-1.89232	2.47835
1.426	2.3297	-1.91476	2.48136
1.428	2.3495	-1.93738	2.48437
1.43	2.36907	-1.96019	2.48737
1.432	2.3884	-1.98319	2.49038
1.434	2.4075	-2.00638	2.49338
1.436	2.42635	-2.02974	2.49638
1.438	2.44496	-2.05328	2.49938
1.44	2.46333	-2.07699	2.50238
1.442	2.48145	-2.10088	2.50538
1.444	2.49932	-2.12494	2.50838
1.446	2.51695	-2.14917	2.51138
1.448	2.53433	-2.17356	2.51437
1.45	2.55145	-2.19811	2.51736
1.452	2.56832	-2.22283	2.52036
1.454	2.58494	-2.2477	2.52335
1.456	2.6013	-2.27273	2.52634
1.458	2.6174	-2.29791	2.52933
1.46	2.63325	-2.32324	2.53231
1.462	2.64883	-2.34871	2.5353
1.464	2.66415	-2.37433	2.53829
1.466	2.67921	-2.4001	2.54127
1.468	2.69401	-2.426	2.54425
1.47	2.70854	-2.45203	2.54724
1.472	2.7228	-2.47821	2.55022
1.474	2.73679	-2.50451	2.55319
1.476	2.75052	-2.53094	2.55617
1.478	2.76397	-2.55749	2.55915
1.48	2.77716	-2.58417	2.56213
1.482	2.79007	-2.61097	2.5651
1.484	2.80271	-2.63788	2.56807
1.486	2.81507	-2.66491	2.57105
1.488	2.82716	-2.69205	2.57402
1.49	2.83897	-2.7193	2.57699
1.492	2.8505	-2.74665	2.57996
1.494	2.86175	-2.77411	2.58292
1.496	2.87273	-2.80167	2.58589
1.498	2.88342	-2.82932	2.58885
1.5	2.89383	-2.85707	2.59182
1.502	2.90396	-2.88491	2.59478
1.504	2.91381	-2.91284	2.59774
1.506	2.92338	-2.94086	2.6007
1.508	2.93265	-2.96896	2.60366
1.51	2.94165	-2.99713	2.60662
1.512	2.95036	-3.02539	2.60958
1.514	2.95878	-3.05372	2.61253
1.516	2.96692	-3.08212	2.61549
1.518	2.97477	-3.11059	2.61844
1.52	2.98233	-3.13913	2.62139
1.522	2.9896	-3.16773	2.62434
1.524	2.99658	-3.19638	2.62729
1.526	3.00327	-3.2251	2.63024
1.528	3.00967	-3.25387	2.63319
1.53	3.01579	-3.28269	2.63613
1.532	3.02161	-3.31156	2.63908
1.534	3.02714	-3.34047	2.64202
1.536	3.03238	-3.36943	2.64497
1.538	3.03732	-3.39842	2.64791
1.54	3.04198	-3.42745	2.65085
1.542	3.04634	-3.45652	2.65379
1.544	3.05041	-3.48561	2.65672
1.546	3.05419	-3.51474	2.65966
1.548	3.05767	-3.54389	2.6626
1.55	3.06086	-3.57305	2.66553
1.552	3.06376	-3.60224	2.66846
1.554	3.06637	-3.63145	2.6714
1.556	3.06868	-3.66066	2.67433
1.558	3.0707	-3.68989	2.67726
1.56	3.07243	-3.71913	2.68018
1.562	3.07386	-3.74836	2.68311
1.564	3.075	-3.7776	2.68604
1.566	3.07585	-3.80684	2.68896
1.568	3.0764	-3.83607	2.69189
1.57	3.07666	-3.8653	2.69481
1.572	3.07664	-3.89451	2.69773
1.574	3.07631	-3.92371	2.70065
1.576	3.0757	-3.9529	2.70357
1.578	3.07479	-3.98207	2.70649
1.58	3.0736	-4.01121	2.70941
1.582	3.07211	-4.04033	2.71232
1.584	3.07033	-4.06942	2.71524
1.586	3.06827	-4.09848	2.71815
1.588	3.06591	-4.1275	2.72106
1.59	3.06326	-4.15649	2.72397
1.592	3.06033	-4.18544	2.72688
1.594	3.05711	-4.21435	2.72979
1.596	3.0536	-4.24321	2.7327
1.598	3.0498	-4.27203	2.7356
1.6	3.04572	-4.30079	2.73851
1.602	3.04135	-4.3295	2.74141
1.604	3.03669	-4.35815	2.74432
1.606	3.03176	-4.38675	2.74722
1.608	3.02653	-4.41528	2.75012
1.61	3.02103	-4.44374	2.75302
1.612	3.01524	-4.47214	2.75592
1.614	3.00918	-4.50047	2.75881
1.616	3.00283	-4.52872	2.76171
1.618	2.9962	-4.5569	2.7646
1.62	2.98929	-4.585	2.7675
1.622	2.98211	-4.61302	2.77039
1.624	2.97465	-4.64095	2.77328
1.626	2.96691	-4.6688	2.77617
1.628	2.9589	-4.69655	2.77906
1.63	2.95061	-4.72422	2.78195
1.632	2.94205	-4.75179	2.78483
1.634	2.93322	-4.77926	2.78772
1.636	2.92412	-4.80663	2.7906
1.638	2.91475	-4.83389	2.79349
1.64	2.90511	-4.86105	2.79637
1.642	2.89521	-4.88811	2.79925
1.644	2.88503	-4.91505	2.80213
1.646	2.8746	-4.94187	2.80501
1.648	2.8639	-4.96858	2.80789
1.65	2.85294	-4.99518	2.81076
1.652	2.84171	-5.02165	2.81364
1.654	2.83023	-5.04799	2.81651
1.656	2.81849	-5.07421	2.81938
1.658	2.80649	-5.1003	2.82226
1.66	2.79424	-5.12626	2.82513
1.662	2.78173	-5.15208	2.828
1.664	2.76897	-5.17777	2.83086
1.666	2.75596	-5.20332	2.83373
1.668	2.7427	-5.22873	2.8366
1.67	2.72919	-5.25399	2.83946
1.672	2.71544	-5.27911	2.84233
1.674	2.70144	-5.30408	2.84519
1.676	2.6872	-5.32889	2.84805
1.678	2.67271	-5.35356	2.85091
1.68	2.65799	-5.37806	2.85377
1.682	2.64302	-5.40241	2.85663
1.684	2.62782	-5.4266	2.85948
1.686	2.61239	-5.45063	2.86234
1.688	2.59672	-5.47449	2.86519
1.69	2.58082	-5.49818	2.86805
1.692	2.5647	-5.5217	2.8709
1.694	2.54834	-5.54506	2.87375
1.696	2.53176	-5.56823	2.8766
1.698	2.51495	-5.59124	2.87945
1.7	2.49792	-5.61406	2.8823
1.702	2.48067	-5.6367	2.88514
1.704	2.4632	-5.65916	2.88799
1.706	2.44552	-5.68144	2.89083
1.708	2.42762	-5.70353	2.89368
1.71	2.40951	-5.72543	2.89652
1.712	2.39118	-5.74714	2.89936
1.714	2.37265	-5.76865	2.9022
1.716	2.35391	-5.78997	2.90504
1.718	2.33497	-5.8111	2.90787
1.72	2.31582	-5.83202	2.91071
1.722	2.29648	-5.85275	2.91355
1.724	2.27693	-5.87327	2.91638
1.726	2.25719	-5.89359	2.91921
1.728	2.23725	-5.9137	2.92204
1.73	2.21713	-5.9336	2.92488
1.732	2.19681	-5.95329	2.9277
1.734	2.1763	-5.97277	2.93053
1.736	2.15561	-5.99204	2.93336
1.738	2.13474	-6.01109	2.93619
1.74	2.11368	-6.02993	2.93901
1.742	2.09245	-6.04854	2.94184
1.744	2.07104	-6.06694	2.94466
1.746	2.04946	-6.08511	2.94748
1.748	2.0277	-6.10306	2.9503
1.75	2.00577	-6.12078	2.95312
1.752	1.98368	-6.13828	2.95594
1.754	1.96142	-6.15554	2.95875
1.756	1.939	-6.17258	2.96157
1.758	1.91642	-6.18938	2.96439
1.76	1.89368	-6.20596	2.9672
1.762	1.87079	-6.22229	2.97001
1.764	1.84774	-6.23839	2.97282
1.766	1.82454	-6.25426	2.97563
1.768	1.8012	-6.26988	2.97844
1.77	1.7777	-6.28526	2.98125
1.772	1.75407	-6.3004	2.98406
1.774	1.73029	-6.3153	2.98686
1.776	1.70638	-6.32996	2.98967
1.778	1.68233	-6.34437	2.99247
1.78	1.65815	-6.35853	2.99527
1.782	1.63383	-6.37244	2.99808
1.784	1.60939	-6.38611	3.00088
1.786	1.58482	-6.39952	3.00367
1.788	1.56013	-6.41268	3.00647
1.79	1.53532	-6.42559	3.00927
1.792	1.51039	-6.43825	3.01206
1.794	1.48535	-6.45065	3.01486
1.796	1.46019	-6.4628	3.01765
1.798	1.43493	-6.47468	3.02045
1.8	1.40955	-6.48631	3.02324
1.802	1.38407	-6.49769	3.02603
1.804	1.35849	-6.5088	3.02882
1.806	1.33281	-6.51965	3.0316
1.808	1.30704	-6.53024	3.03439
1.81	1.28116	-6.54056	3.03718
1.812	1.2552	-6.55063	3.03996
1.814	1.22915	-6.56043	3.04274
1.816	1.20301	-6.56996	3.04553
1.818	1.17679	-6.57923	3.04831
1.82	1.15048	-6.58823	3.05109
1.822	1.1241	-6.59697	3.05387
1.824	1.09765	-6.60544	3.05664
1.826	1.07112	-6.61364	3.05942
1.828	1.04452	-6.62157	3.0622
1.83	1.01785	-6.62923	3.06497
1.832	0.991119	-6.63662	3.06775
1.834	0.964326	-6.64374	3.07052
1.836	0.937474	-6.65059	3.07329
1.838	0.910565	-6.65717	3.07606
1.84	0.883603	-6.66348	3.07883
1.842	0.85659	-6.66951	3.0816
1.844	0.829528	-6.67528	3.08436
1.846	0.802421	-6.68076	3.08713
1.848	0.775272	-6.68598	3.08989
1.85	0.748083	-6.69092	3.09266
1.852	0.720856	-6.69559	3.09542
1.854	0.693595	-6.69998	3.09818
1.856	0.666302	-6.7041	3.10094
1.858	0.638981	-6.70794	3.1037
1.86	0.611633	-6.71151	3.10646
1.862	0.584262	-6.71481	3.10921
1.864	0.556871	-6.71783	3.11197
1.866	0.529461	-6.72057	3.11472
1.868	0.502037	-6.72304	3.11748
1.87	0.4746	-6.72523	3.12023
1.872	0.447153	-6.72715	3.12298
1.874	0.4197	-6.72879	3.12573
1.876	0.392242	-6.73016	3.12848
1.878	0.364784	-6.73126	3.13123
1.88	0.337326	-6.73207	3.13398
1.882	0.309873	-6.73262	3.13672
1.884	0.282427	-6.73288	3.13947
1.886	0.254991	-6.73288	3.14221
1.888	0.227566	-6.7326	3.14495
1.89	0.200157	-6.73204	3.14769
1.892	0.172766	-6.73122	3.15044
1.894	0.145396	-6.73011	3.15317
1.896	0.118049	-6.72874	3.15591
1.898	0.0907275	-6.72709	3.15865
1.9	0.0634351	-6.72517	3.16139
1.902	0.0361742	-6.72298	3.16412
1.904	0.00894745	-6.72052	3.16685
1.906	-0.0182424	-6.71778	3.16959
1.908	-0.0453927	-6.71478	3.17232
1.91	-0.0725008	-6.7115	3.17505
1.912	-0.0995639	-6.70796	3.17778
1.914	-0.126579	-6.70415	3.18051
1.916	-0.153545	-6.70007	3.18323
1.918	-0.180457	-6.69572	3.18596
1.92	-0.207314	-6.6911	3.18869
1.922	-0.234112	-6.68622	3.19141
1.924	-0.26085	-6.68107	3.19413
1.926	-0.287524	-6.67566	3.19685
1.928	-0.314132	-6.66998	3.19958
1.93	-0.340672	-6.66404	3.20229
1.932	-0.36714	-6.65783	3.20501
1.934	-0.393534	-6.65137	3.20773
1.936	-0.419851	-6.64464	3.21045
1.938	-0.44609	-6.63766	3.21316
1.94	-0.472247	-6.63041	3.21588
1.942	-0.498319	-6.62291	3.21859
1.944	-0.524305	-6.61515	3.2213
1.946	-0.550202	-6.60713	3.22401
1.948	-0.576007	-6.59886	3.22672
1.95	-0.601717	-6.59033	3.22943
1.952	-0.627331	-6.58155	3.23214
1.954	-0.652846	-6.57252	3.23485
1.956	-0.678259	-6.56324	3.23755
1.958	-0.703567	-6.5537	3.24026
1.96	-0.728769	-6.54392	3.24296
1.962	-0.753862	-6.53389	3.24566
1.964	-0.778843	-6.52362	3.24836
1.966	-0.80371	-6.5131	3.25106
1.968	-0.828461	-6.50233	3.25376
1.97	-0.853093	-6.49133	3.25646
1.972	-0.877604	-6.48008	3.25916
1.974	-0.901992	-6.46859	3.26185
1.976	-0.926254	-6.45687	3.26455
1.978	-0.950388	-6.4449	3.26724
1.98	-0.974391	-6.4327	3.26993
1.982	-0.998261	-6.42027	3.27262
1.984	-1.022	-6.4076	3.27531
1.986	-1.04559	-6.3947	3.278
1.988	-1.06905	-6.38157	3.28069
1.99	-1.09237	-6.36822	3.28338
1.992	-1.11554	-6.35463	3.28607
1.994	-1.13857	-6.34082	3.28875
1.996	-1.16145	-6.32679	3.29143
1.998	-1.18418	-6.31253	3.29412
2	-1.20675	-6.29806	3.2968
2.002	-1.22917	-6.28336	3.29948
2.004	-1.25143	-6.26845	3.30216
2.006	-1.27354	-6.25332	3.30484
2.008	-1.29548	-6.23797	3.30752
2.01	-1.31726	-6.22242	3.31019
2.012	-1.33887	-6.20665	3.31287
2.014	-1.36032	-6.19068	3.31554
2.016	-1.3816	-6.17449	3.31822
2.018	-1.40271	-6.1581	3.32089
2.02	-1.42364	-6.14151	3.32356
2.022	-1.4444	-6.12472	3.32623
2.024	-1.46498	-6.10773	3.3289
2.026	-1.48538	-6.09053	3.33157
2.028	-1.5056	-6.07315	3.33423
2.03	-1.52564	-6.05556	3.3369
2.032	-1.54549	-6.03779	3.33956
2.034	-1.56515	-6.01982	3.34223
2.036	-1.58463	-6.00167	3.34489
2.038	-1.60392	-5.98333	3.34755
2.04	-1.62302	-5.96481	3.35021
2.042	-1.64192	-5.9461	3.35287
2.044	-1.66062	-5.92721	3.35553
2.046	-1.67913	-5.90815	3.35819
2.048	-1.69744	-5.8889	3.36084
2.05	-1.71555	-5.86949	3.3635
2.052	-1.73346	-5.8499	3.36615
2.054	-1.75116	-5.83014	3.3688
2.056	-1.76866	-5.81021	3.37146
2.058	-1.78595	-5.79012	3.37411
2.06	-1.80303	-5.76986	3.37676
2.062	-1.81991	-5.74944	3.37941
2.064	-1.83657	-5.72886	3.38205
2.066	-1.85301	-5.70813	3.3847
2.068	-1.86925	-5.68724	3.38735
2.07	-1.88526	-5.66619	3.38999
2.072	-1.90106	-5.645	3.39263
2.074	-1.91664	-5.62366	3.39528
2.076	-1.932	-5.60217	3.39792
2.078	-1.94714	-5.58054	3.40056
2.08	-1.96205	-5.55876	3.4032
2.082	-1.97674	-5.53685	3.40584
2.084	-1.99121	-5.5148	3.40847
2.086	-2.00545	-5.49261	3.41111
2.088	-2.01946	-5.4703	3.41374
2.09	-2.03324	-5.44785	3.41638
2.092	-2.04679	-5.42528	3.41901
2.094	-2.0601	-5.40257	3.42164
2.096	-2.07319	-5.37975	3.42427
2.098	-2.08604	-5.35681	3.4269
2.1	-2.09866	-5.33375	3.42953
2.102	-2.11104	-5.31057	3.43216
2.104	-2.12318	-5.28728	3.43479
2.106	-2.13508	-5.26388	3.43741
2.108	-2.14675	-5.24037	3.44004
2.11	-2.15817	-5.21675	3.44266
2.112	-2.16935	-5.19303	3.44528
2.114	-2.1803	-5.16921	3.4479
2.116	-2.19099	-5.14529	3.45052
2.118	-2.20145	-5.12127	3.45314
2.12	-2.21166	-5.09716	3.45576
2.122	-2.22162	-5.07296	3.45838
2.124	-2.23134	-5.04867	3.46099
2.126	-2.24081	-5.0243	3.46361
2.128	-2.25003	-4.99984	3.46622
2.13	-2.25901	-4.9753	3.46884
2.132	-2.26773	-4.95068	3.47145
2.134	-2.27621	-4.92598	3.47406
2.136	-2.28443	-4.90122	3.47667
2.138	-2.2924	-4.87638	3.47928
2.14	-2.30012	-4.85147	3.48189
2.142	-2.30759	-4.82649	3.48449
2.144	-2.31481	-4.80146	3.4871
2.146	-2.32177	-4.77636	3.4897
2.148	-2.32848	-4.7512	3.49231
2.15	-2.33493	-4.72599	3.49491
2.152	-2.34113	-4.70072	3.49751
2.154	-2.34707	-4.6754	3.50011
2.156	-2.35276	-4.65004	3.50271
2.158	-2.35819	-4.62463	3.50531
2.16	-2.36336	-4.59918	3.50791
2.162	-2.36828	-4.57368	3.5105
2.164	-2.37294	-4.54815	3.5131
2.166	-2.37735	-4.52259	3.51569
2.168	-2.38149	-4.49699	3.51829
2.17	-2.38538	-4.47136	3.52088
2.172	-2.38901	-4.44571	3.52347
2.174	-2.39238	-4.42003	3.52606
2.176	-2.3955	-4.39432	3.52865
2.178	-2.39835	-4.3686	3.53124
2.18	-2.40095	-4.34286	3.53382
2.182	-2.40329	-4.31711	3.53641
2.184	-2.40537	-4.29134	3.53899
2.186	-2.40719	-4.26557	3.54158
2.188	-2.40876	-4.23979	3.54416
2.19	-2.41006	-4.214	3.54674
2.192	-2.41111	-4.18822	3.54932
2.194	-2.4119	-4.16243	3.5519
2.196	-2.41243	-4.13665	3.55448
2.198	-2.4127	-4.11087	3.55706
2.2	-2.41272	-4.08511	3.55964
2.202	-2.41247	-4.05935	3.56221
2.204	-2.41197	-4.03361	3.56479
2.206	-2.41122	-4.00789	3.56736
2.208	-2.4102	-3.98218	3.56993
2.21	-2.40893	-3.9565	3.5725
2.212	-2.40741	-3.93084	3.57507
2.214	-2.40562	-3.90521	3.57764
2.216	-2.40358	-3.8796	3.58021
2.218	-2.40129	-3.85403	3.58278
2.22	-2.39874	-3.82849	3.58535
2.222	-2.39594	-3.80299	3.58791
2.224	-2.39289	-3.77753	3.59048
2.226	-2.38958	-3.75212	3.59304
2.228	-2.38602	-3.72674	3.5956
2.23	-2.38221	-3.70141	3.59816
2.232	-2.37814	-3.67614	3.60072
2.234	-2.37383	-3.65091	3.60328
2.236	-2.36926	-3.62574	3.60584
2.238	-2.36445	-3.60063	3.6084
2.24	-2.35938	-3.57557	3.61095
2.242	-2.35407	-3.55058	3.61351
2.244	-2.34851	-3.52565	3.61606
2.246	-2.3427	-3.50079	3.61862
2.248	-2.33665	-3.476	3.62117
2.25	-2.33036	-3.45128	3.62372
2.252	-2.32381	-3.42663	3.62627
2.254	-2.31703	-3.40206	3.62882
2.256	-2.31	-3.37757	3.63137
2.258	-2.30273	-3.35316	3.63391
2.26	-2.29522	-3.32883	3.63646
2.262	-2.28747	-3.30459	3.639
2.264	-2.27949	-3.28044	3.64155
2.266	-2.27126	-3.25638	3.64409
2.268	-2.2628	-3.23241	3.64663
2.27	-2.2541	-3.20854	3.64917
2.272	-2.24516	-3.18476	3.65171
2.274	-2.236	-3.16109	3.65425
2.276	-2.2266	-3.13751	3.65679
2.278	-2.21697	-3.11405	3.65933
2.28	-2.20711	-3.09068	3.66186
2.282	-2.19701	-3.06743	3.6644
2.284	-2.1867	-3.04429	3.66693
2.286	-2.17615	-3.02126	3.66946
2.288	-2.16538	-2.99835	3.67199
2.29	-2.15439	-2.97556	3.67453
2.292	-2.14317	-2.95288	3.67705
2.294	-2.13173	-2.93033	3.67958
2.296	-2.12007	-2.90791	3.68211
2.298	-2.10819	-2.88561	3.68464
2.3	-2.0961	-2.86343	3.68716
2.302	-2.08379	-2.84139	3.68969
2.304	-2.07126	-2.81949	3.69221
2.306	-2.05852	-2.79771	3.69473
2.308	-2.04557	-2.77608	3.69726
2.31	-2.0324	-2.75458	3.69978
2.312	-2.01903	-2.73323	3.7023
2.314	-2.00545	-2.71202	3.70481
2.316	-1.99167	-2.69095	3.70733
2.318	-1.97768	-2.67003	3.70985
2.32	-1.96349	-2.64926	3.71236
2.322	-1.94909	-2.62864	3.71488
2.324	-1.9345	-2.60818	3.71739
2.326	-1.91971	-2.58787	3.71991
2.328	-1.90472	-2.56771	3.72242
2.33	-1.88954	-2.54772	3.72493
2.332	-1.87417	-2.52788	3.72744
2.334	-1.8586	-2.50821	3.72995
2.336	-1.84285	-2.48871	3.73245
2.338	-1.8269	-2.46937	3.73496
2.34	-1.81077	-2.45019	3.73746
2.342	-1.79446	-2.43119	3.73997
2.344	-1.77796	-2.41236	3.74247
2.346	-1.76128	-2.3937	3.74498
2.348	-1.74443	-2.37522	3.74748
2.35	-1.72739	-2.35691	3.74998
2.352	-1.71018	-2.33879	3.75248
2.354	-1.6928	-2.32084	3.75498
2.356	-1.67525	-2.30307	3.75747
2.358	-1.65752	-2.28549	3.75997
2.36	-1.63963	-2.2681	3.76246
2.362	-1.62157	-2.25089	3.76496
2.364	-1.60335	-2.23386	3.76745
2.366	-1.58497	-2.21703	3.76995
2.368	-1.56643	-2.20039	3.77244
2.37	-1.54772	-2.18394	3.77493
2.372	-1.52887	-2.16769	3.77742
2.374	-1.50986	-2.15163	3.77991
2.376	-1.49069	-2.13577	3.78239
2.378	-1.47138	-2.12011	3.78488
2.38	-1.45192	-2.10465	3.78737
2.382	-1.43231	-2.08939	3.78985
2.384	-1.41256	-2.07433	3.79233
2.386	-1.39267	-2.05948	3.79482
2.388	-1.37264	-2.04483	3.7973
2.39	-1.35247	-2.03039	3.79978
2.392	-1.33216	-2.01616	3.80226
2.394	-1.31173	-2.00214	3.80474
2.396	-1.29116	-1.98832	3.80721
2.398	-1.27046	-1.97472	3.80969
2.4	-1.24964	-1.96133	3.81217
2.402	-1.22869	-1.94816	3.81464
2.404	-1.20762	-1.9352	3.81711
2.406	-1.18643	-1.92246	3.81959
2.408	-1.16512	-1.90994	3.82206
2.41	-1.14369	-1.89763	3.82453
2.412	-1.12216	-1.88554	3.827
2.414	-1.10051	-1.87368	3.82947
2.416	-1.07875	-1.86204	3.83194
2.418	-1.05689	-1.85061	3.8344
2.42	-1.03492	-1.83942	3.83687
2.422	-1.01285	-1.82845	3.83933
2.424	-0.990677	-1.8177	3.8418
2.426	-0.96841	-1.80718	3.84426
2.428	-0.946047	-1.79688	3.84672
2.43	-0.923591	-1.78682	3.84918
2.432	-0.901045	-1.77698	3.85164
2.434	-0.878411	-1.76738	3.8541
2.436	-0.855691	-1.758	3.85656
2.438	-0.832887	-1.74886	3.85902
2.44	-0.810002	-1.73995	3.86147
2.442	-0.787039	-1.73127	3.86393
2.444	-0.763999	-1.72282	3.86638
2.446	-0.740885	-1.71461	3.86883
2.448	-0.717699	-1.70663	3.87129
2.45	-0.694444	-1.69889	3.87374
2.452	-0.671122	-1.69138	3.87619
2.454	-0.647736	-1.68411	3.87864
2.456	-0.624287	-1.67708	3.88108
2.458	-0.600779	-1.67029	3.88353
2.46	-0.577213	-1.66373	3.88598
2.462	-0.553592	-1.65741	3.88842
2.464	-0.529919	-1.65133	3.89087
2.466	-0.506196	-1.64549	3.89331
2.468	-0.482425	-1.63989	3.89575
2.47	-0.458609	-1.63453	3.89819
2.472	-0.434749	-1.62941	3.90063
2.474	-0.41085	-1.62453	3.90307
2.476	-0.386912	-1.6199	3.90551
2.478	-0.362939	-1.6155	3.90795
2.48	-0.338933	-1.61134	3.91038
2.482	-0.314896	-1.60743	3.91282
2.484	-0.29083	-1.60376	3.91525
2.486	-0.266739	-1.60033	3.91769
2.488	-0.242624	-1.59715	3.92012
2.49	-0.218488	-1.5942	3.92255
2.492	-0.194334	-1.5915	3.92498
2.494	-0.170164	-1.58904	3.92741
2.496	-0.14598	-1.58683	3.92984
2.498	-0.121784	-1.58485	3.93227
2.5	-0.0975802	-1.58312	3.93469
2.502	-0.0733696	-1.58163	3.93712
2.504	-0.049155	-1.58039	3.93954
2.506	-0.0249388	-1.57939	3.94197
2.508	-0.000723571	-1.57863	3.94439
2.51	0.0234884	-1.57811	3.94681
2.512	0.0476946	-1.57783	3.94923
2.514	0.0718927	-1.5778	3.95165
2.516	0.0960803	-1.57801	3.95407
2.518	0.120255	-1.57846	3.95649
2.52	0.144414	-1.57915	3.95891
2.522	0.168556	-1.58009	3.96132
2.524	0.192677	-1.58126	3.96374
2.526	0.216775	-1.58267	3.96615
2.528	0.240849	-1.58433	3.96856
2.53	0.264895	-1.58622	3.97098
2.532	0.288912	-1.58836	3.97339
2.534	0.312896	-1.59073	3.9758
2.536	0.336846	-1.59334	3.97821
2.538	0.360759	-1.59619	3.98062
2.54	0.384633	-1.59928	3.98302
2.542	0.408465	-1.60261	3.98543
2.544	0.432253	-1.60617	3.98783
2.546	0.455995	-1.60997	3.99024
2.548	0.479688	-1.614	3.99264
2.55	0.503331	-1.61827	3.99504
2.552	0.52692	-1.62277	3.99745
2.554	0.550453	-1.62751	3.99985
2.556	0.573928	-1.63248	4.00225
2.558	0.597343	-1.63768	4.00464
2.56	0.620696	-1.64311	4.00704
2.562	0.643984	-1.64878	4.00944
2.564	0.667204	-1.65467	4.01183
2.566	0.690356	-1.6608	4.01423
2.568	0.713435	-1.66715	4.01662
2.57	0.736441	-1.67373	4.01902
2.572	0.759371	-1.68054	4.02141
2.574	0.782222	-1.68758	4.0238
2.576	0.804993	-1.69484	4.02619
2.578	0.827681	-1.70232	4.02858
2.58	0.850284	-1.71003	4.03097
2.582	0.872799	-1.71796	4.03335
2.584	0.895225	-1.72611	4.03574
2.586	0.91756	-1.73448	4.03812
2.588	0.939801	-1.74307	4.04051
2.59	0.961946	-1.75188	4.04289
2.592	0.983993	-1.76091	4.04527
2.594	1.00594	-1.77015	4.04766
2.596	1.02778	-1.77961	4.05004
2.598	1.04952	-1.78928	4.05242
2.6	1.07116	-1.79917	4.05479
2.602	1.09268	-1.80927	4.05717
2.604	1.1141	-1.81958	4.05955
2.606	1.1354	-1.83009	4.06192
2.608	1.15659	-1.84082	4.0643
2.61	1.17766	-1.85175	4.06667
2.612	1.19861	-1.86289	4.06905
2.614	1.21944	-1.87423	4.07142
2.616	1.24015	-1.88578	4.07379
2.618	1.26073	-1.89753	4.07616
2.62	1.28119	-1.90948	4.07853
2.622	1.30152	-1.92162	4.0809
2.624	1.32171	-1.93397	4.08326
2.626	1.34178	-1.94651	4.08563
2.628	1.36171	-1.95925	4.08799
2.63	1.3815	-1.97218	4.09036
2.632	1.40116	-1.9853	4.09272
2.634	1.42068	-1.99861	4.09508
2.636	1.44005	-2.01211	4.09745
2.638	1.45928	-2.0258	4.09981
2.64	1.47837	-2.03968	4.10217
2.642	1.49731	-2.05374	4.10453
2.644	1.51609	-2.06798	4.10688
2.646	1.53473	-2.0824	4.10924
2.648	1.55322	-2.09701	4.1116
2.65	1.57155	-2.11179	4.11395
2.652	1.58972	-2.12675	4.1163
2.654	1.60774	-2.14188	4.11866
2.656	1.6256	-2.15719	4.12101
2.658	1.6433	-2.17267	4.12336
2.66	1.66083	-2.18832	4.12571
2.662	1.6782	-2.20413	4.12806
2.664	1.69541	-2.22012	4.13041
2.666	1.71244	-2.23627	4.13276
2.668	1.72931	-2.25258	4.1351
2.67	1.74601	-2.26905	4.13745
2.672	1.76253	-2.28568	4.13979
2.674	1.77888	-2.30247	4.14214
2.676	1.79506	-2.31942	4.14448
2.678	1.81106	-2.33652	4.14682
2.68	1.82688	-2.35377	4.14916
2.682	1.84252	-2.37117	4.1515
2.684	1.85798	-2.38872	4.15384
2.686	1.87326	-2.40642	4.15618
2.688	1.88835	-2.42426	4.15851
2.69	1.90326	-2.44224	4.16085
2.692	1.91799	-2.46037	4.16319
2.694	1.93252	-2.47864	4.16552
2.696	1.94687	-2.49704	4.16785
2.698	1.96102	-2.51557	4.17019
2.7	1.97499	-2.53424	4.17252
2.702	1.98876	-2.55305	4.17485
2.704	2.00233	-2.57198	4.17718
2.706	2.01571	-2.59103	4.17951
2.708	2.0289	-2.61022	4.18183
2.71	2.04189	-2.62952	4.18416
2.712	2.05468	-2.64895	4.18649
2.714	2.06726	-2.6685	4.18881
2.716	2.07965	-2.68816	4.19114
2.718	2.09184	-2.70794	4.19346
2.72	2.10382	-2.72783	4.19578
2.722	2.1156	-2.74783	4.1981
2.724	2.12717	-2.76794	4.20042
2.726	2.13854	-2.78816	4.20274
2.728	2.14969	-2.80848	4.20506
2.73	2.16065	-2.82891	4.20738
2.732	2.17139	-2.84943	4.20969
2.734	2.18192	-2.87005	4.21201
2.736	2.19224	-2.89077	4.21432
2.738	2.20235	-2.91159	4.21664
2.74	2.21225	-2.93249	4.21895
2.742	2.22193	-2.95348	4.22126
2.744	2.2314	-2.97457	4.22357
2.746	2.24065	-2.99573	4.22588
2.748	2.24969	-3.01698	4.22819
2.75	2.25851	-3.03831	4.2305
2.752	2.26712	-3.05972	4.23281
2.754	2.27551	-3.08121	4.23512
2.756	2.28367	-3.10276	4.23742
2.758	2.29162	-3.1244	4.23973
2.76	2.29935	-3.1461	4.24203
2.762	2.30686	-3.16787	4.24433
2.764	2.31415	-3.1897	4.24663
2.766	2.32122	-3.2116	4.24893
2.768	2.32806	-3.23355	4.25123
2.77	2.33468	-3.25557	4.25353
2.772	2.34108	-3.27764	4.25583
2.774	2.34726	-3.29977	4.25813
2.776	2.35321	-3.32195	4.26043
2.778	2.35894	-3.34417	4.26272
2.78	2.36444	-3.36645	4.26502
2.782	2.36971	-3.38877	4.26731
2.784	2.37477	-3.41113	4.2696
2.786	2.37959	-3.43353	4.27189
2.788	2.38419	-3.45598	4.27418
2.79	2.38856	-3.47845	4.27647
2.792	2.39271	-3.50096	4.27876
2.794	2.39663	-3.52351	4.28105
2.796	2.40032	-3.54608	4.28334
2.798	2.40379	-3.56867	4.28562
2.8	2.40703	-3.5913	4.28791
2.802	2.41004	-3.61394	4.29019
2.804	2.41282	-3.63661	4.29248
2.806	2.41538	-3.65929	4.29476
2.808	2.4177	-3.68198	4.29704
2.81	2.4198	-3.7047	4.29932
2.812	2.42167	-3.72742	4.3016
2.814	2.42332	-3.75015	4.30388
2.816	2.42473	-3.77288	4.30616
2.818	2.42592	-3.79562	4.30844
2.82	2.42688	-3.81836	4.31071
2.822	2.42761	-3.8411	4.31299
2.824	2.42811	-3.86384	4.31526
2.826	2.42839	-3.88657	4.31754
2.828	2.42844	-3.9093	4.31981
2.83	2.42826	-3.93201	4.32208
2.832	2.42786	-3.95472	4.32435
2.834	2.42723	-3.97741	4.32662
2.836	2.42637	-4.00008	4.32889
2.838	2.42528	-4.02273	4.33116
2.84	2.42397	-4.04537	4.33342
2.842	2.42244	-4.06798	4.33569
2.844	2.42067	-4.09056	4.33796
2.846	2.41869	-4.11312	4.34022
2.848	2.41648	-4.13564	4.34248
2.85	2.41404	-4.15814	4.34475
2.852	2.41138	-4.1806	4.34701
2.854	2.4085	-4.20302	4.34927
2.856	2.4054	-4.2254	4.35153
2.858	2.40207	-4.24775	4.35379
2.86	2.39852	-4.27005	4.35604
2.862	2.39475	-4.2923	4.3583
2.864	2.39076	-4.31451	4.36056
2.866	2.38655	-4.33666	4.36281
2.868	2.38212	-4.35877	4.36507
2.87	2.37747	-4.38082	4.36732
2.872	2.3726	-4.40281	4.36957
2.874	2.36751	-4.42475	4.37183
2.876	2.36221	-4.44662	4.37408
2.878	2.35669	-4.46843	4.37633
2.88	2.35096	-4.49018	4.37858
2.882	2.34501	-4.51186	4.38082
2.884	2.33884	-4.53347	4.38307
2.886	2.33247	-4.55501	4.38532
2.888	2.32588	-4.57647	4.38756
2.89	2.31908	-4.59786	4.38981
2.892	2.31207	-4.61918	4.39205
2.894	2.30484	-4.64041	4.39429
2.896	2.29741	-4.66156	4.39654
2.898	2.28977	-4.68263	4.39878
2.9	2.28193	-4.70361	4.40102
2.902	2.27388	-4.7245	4.40326
2.904	2.26562	-4.74531	4.40549
2.906	2.25716	-4.76602	4.40773
2.908	2.24849	-4.78664	4.40997
2.91	2.23963	-4.80716	4.4122
2.912	2.23056	-4.82758	4.41444
2.914	2.22129	-4.84791	4.41667
2.916	2.21183	-4.86813	4.4189
2.918	2.20216	-4.88825	4.42114
2.92	2.1923	-4.90826	4.42337
2.922	2.18224	-4.92817	4.4256
2.924	2.17199	-4.94796	4.42783
2.926	2.16155	-4.96765	4.43006
2.928	2.15091	-4.98722	4.43228
2.93	2.14008	-5.00668	4.43451
2.932	2.12906	-5.02601	4.43674
2.934	2.11786	-5.04523	4.43896
2.936	2.10646	-5.06433	4.44118
2.938	2.09489	-5.08331	4.44341
2.94	2.08312	-5.10217	4.44563
2.942	2.07118	-5.12089	4.44785
2.944	2.05905	-5.13949	4.45007
2.946	2.04674	-5.15796	4.45229
2.948	2.03425	-5.1763	4.45451
2.95	2.02159	-5.1945	4.45673
2.952	2.00875	-5.21257	4.45894
2.954	1.99573	-5.23051	4.46116
2.956	1.98254	-5.2483	4.46338
2.958	1.96918	-5.26596	4.46559
2.96	1.95565	-5.28347	4.4678
2.962	1.94194	-5.30085	4.47002
2.964	1.92808	-5.31807	4.47223
2.966	1.91404	-5.33515	4.47444
2.968	1.89984	-5.35208	4.47665
2.97	1.88548	-5.36887	4.47886
2.972	1.87096	-5.3855	4.48106
2.974	1.85627	-5.40198	4.48327
2.976	1.84143	-5.4183	4.48548
2.978	1.82643	-5.43447	4.48768
2.98	1.81128	-5.45048	4.48989
2.982	1.79598	-5.46634	4.49209
2.984	1.78052	-5.48203	4.49429
2.986	1.76491	-5.49756	4.4965
2.988	1.74916	-5.51293	4.4987
2.99	1.73325	-5.52813	4.5009
2.992	1.71721	-5.54317	4.5031
2.994	1.70102	-5.55804	4.50529
2.996	1.68469	-5.57274	4.50749
2.998	1.66822	-5.58728	4.50969
3	1.65161	-5.60164	4.51188
3.002	1.63486	-5.61583	4.51408
3.004	1.61798	-5.62984	4.51627
3.006	1.60097	-5.64368	4.51847
3.008	1.58383	-5.65735	4.52066
3.01	1.56656	-5.67083	4.52285
3.012	1.54916	-5.68414	4.52504
3.014	1.53164	-5.69727	4.52723
3.016	1.51399	-5.71021	4.52942
3.018	1.49622	-5.72298	4.53161
3.02	1.47833	-5.73556	4.53379
3.022	1.46033	-5.74796	4.53598
3.024	1.44221	-5.76017	4.53816
3.026	1.42397	-5.77219	4.54035
3.028	1.40563	-5.78403	4.54253
3.03	1.38717	-5.79568	4.54471
3.032	1.3686	-5.80714	4.5469
3.034	1.34993	-5.8184	4.54908
3.036	1.33116	-5.82948	4.55126
3.038	1.31228	-5.84036	4.55344
3.04	1.2933	-5.85105	4.55561
3.042	1.27422	-5.86155	4.55779
3.044	1.25505	-5.87185	4.55997
3.046	1.23578	-5.88195	4.56214
3.048	1.21642	-5.89186	4.56432
3.05	1.19697	-5.90157	4.56649
3.052	1.17743	-5.91108	4.56866
3.054	1.15781	-5.92039	4.57084
3.056	1.1381	-5.9295	4.57301
3.058	1.11831	-5.9384	4.57518
3.06	1.09844	-5.94711	4.57735
3.062	1.07849	-5.95561	4.57952
3.064	1.05846	-5.96392	4.58168
3.066	1.03837	-5.97201	4.58385
3.068	1.01819	-5.9799	4.58602
3.07	0.997953	-5.98759	4.58818
3.072	0.977645	-5.99507	4.59035
3.074	0.95727	-6.00235	4.59251
3.076	0.936833	-6.00942	4.59467
3.078	0.916333	-6.01628	4.59683
3.08	0.895775	-6.02293	4.59899
3.082	0.875159	-6.02937	4.60115
3.084	0.854488	-6.03561	4.60331
3.086	0.833764	-6.04164	4.60547
3.088	0.812989	-6.04745	4.60763
3.09	0.792165	-6.05306	4.60979
3.092	0.771295	-6.05845	4.61194
3.094	0.75038	-6.06364	4.6141
3.096	0.729422	-6.06861	4.61625
3.098	0.708425	-6.07337	4.6184
3.1	0.687389	-6.07792	4.62056
3.102	0.666317	-6.08226	4.62271
3.104	0.645211	-6.08638	4.62486
3.106	0.624074	-6.09029	4.62701
3.108	0.602907	-6.09399	4.62916
3.11	0.581713	-6.09747	4.6313
3.112	0.560493	-6.10074	4.63345
3.114	0.53925	-6.1038	4.6356
3.116	0.517986	-6.10665	4.63774
3.118	0.496703	-6.10928	4.63989
3.12	0.475404	-6.11169	4.64203
3.122	0.45409	-6.1139	4.64417
3.124	0.432764	-6.11588	4.64632
3.126	0.411427	-6.11766	4.64846
3.128	0.390082	-6.11922	4.6506
3.13	0.368731	-6.12056	4.65274
3.132	0.347376	-6.1217	4.65487
3.134	0.32602	-6.12261	4.65701
3.136	0.304664	-6.12332	4.65915
3.138	0.283311	-6.12381	4.66128
3.14	0.261962	-6.12409	4.66342
3.142	0.24062	-6.12415	4.66555
3.144	0.219287	-6.124	4.66769
3.146	0.197965	-6.12364	4.66982
3.148	0.176657	-6.12306	4.67195
3.15	0.155364	-6.12227	4.67408
3.152	0.134088	-6.12127	4.67621
3.154	0.112832	-6.12006	4.67834
3.156	0.0915971	-6.11863	4.68047
3.158	0.0703864	-6.11699	4.6826
3.16	0.0492016	-6.11514	4.68472
3.162	0.0280449	-6.11308	4.68685
3.164	0.00691819	-6.11081	4.68897
3.166	-0.0141763	-6.10833	4.6911
3.168	-0.0352365	-6.10564	4.69322
3.17	-0.0562603	-6.10275	4.69534
3.172	-0.0772457	-6.09964	4.69746
3.174	-0.0981905	-6.09632	4.69959
3.176	-0.119093	-6.0928	4.7017
3.178	-0.139951	-6.08907	4.70382
3.18	-0.160762	-6.08513	4.70594
3.182	-0.181524	-6.08098	4.70806
3.184	-0.202235	-6.07663	4.71018
3.186	-0.222894	-6.07208	4.71229
3.188	-0.243498	-6.06732	4.71441
3.19	-0.264045	-6.06235	4.71652
3.192	-0.284533	-6.05719	4.71863
3.194	-0.30496	-6.05182	4.72074
3.196	-0.325325	-6.04625	4.72286
3.198	-0.345624	-6.04047	4.72497
3.2	-0.365857	-6.0345	4.72708
3.202	-0.386021	-6.02833	4.72918
3.204	-0.406114	-6.02196	4.73129
3.206	-0.426134	-6.01539	4.7334
3.208	-0.44608	-6.00862	4.73551
3.21	-0.465949	-6.00166	4.73761
3.212	-0.48574	-5.9945	4.73972
3.214	-0.50545	-5.98715	4.74182
3.216	-0.525078	-5.9796	4.74392
3.218	-0.544622	-5.97187	4.74602
3.22	-0.564079	-5.96394	4.74813
3.222	-0.583448	-5.95581	4.75023
3.224	-0.602728	-5.9475	4.75233
3.226	-0.621916	-5.939	4.75442
3.228	-0.64101	-5.93031	4.75652
3.23	-0.660009	-5.92144	4.75862
3.232	-0.67891	-5.91238	4.76071
3.234	-0.697712	-5.90313	4.76281
3.236	-0.716414	-5.8937	4.7649
3.238	-0.735013	-5.88409	4.767
3.24	-0.753507	-5.87429	4.76909
3.242	-0.771895	-5.86432	4.77118
3.244	-0.790175	-5.85416	4.77327
3.246	-0.808346	-5.84383	4.77536
3.248	-0.826405	-5.83332	4.77745
3.25	-0.84435	-5.82264	4.77954
3.252	-0.862181	-5.81178	4.78163
3.254	-0.879896	-5.80074	4.78372
3.256	-0.897492	-5.78954	4.7858
3.258	-0.914968	-5.77816	4.78789
3.26	-0.932322	-5.76662	4.78997
3.262	-0.949554	-5.7549	4.79206
3.264	-0.96666	-5.74302	4.79414
3.266	-0.98364	-5.73098	4.79622
3.268	-1.00049	-5.71877	4.7983
3.27	-1.01721	-5.70639	4.80038
3.272	-1.03381	-5.69386	4.80246
3.274	-1.05026	-5.68116	4.80454
3.276	-1.06659	-5.66831	4.80662
3.278	-1.08278	-5.6553	4.8087
3.28	-1.09883	-5.64213	4.81077
3.282	-1.11474	-5.62881	4.81285
3.284	-1.13051	-5.61533	4.81492
3.286	-1.14614	-5.6017	4.81699
3.288	-1.16163	-5.58793	4.81907
3.29	-1.17697	-5.574	4.82114
3.292	-1.19217	-5.55993	4.82321
3.294	-1.20721	-5.54571	4.82528
3.296	-1.22211	-5.53135	4.82735
3.298	-1.23686	-5.51684	4.82942
3.3	-1.25146	-5.5022	4.83149
3.302	-1.26591	-5.48741	4.83355
3.304	-1.2802	-5.47249	4.83562
3.306	-1.29433	-5.45743	4.83769
3.308	-1.30831	-5.44224	4.83975
3.31	-1.32213	-5.42691	4.84181
3.312	-1.33579	-5.41145	4.84388
3.314	-1.34929	-5.39587	4.84594
3.316	-1.36263	-5.38015	4.848
3.318	-1.3758	-5.36431	4.85006
3.32	-1.38881	-5.34835	4.85212
3.322	-1.40166	-5.33226	4.85418
3.324	-1.41434	-5.31605	4.85624
3.326	-1.42685	-5.29972	4.85829
3.328	-1.43919	-5.28327	4.86035
3.33	-1.45136	-5.26671	4.8624
3.332	-1.46336	-5.25003	4.86446
3.334	-1.47519	-5.23324	4.86651
3.336	-1.48684	-5.21634	4.86857
3.338	-1.49833	-5.19933	4.87062
3.34	-1.50963	-5.18222	4.87267
3.342	-1.52076	-5.16499	4.87472
3.344	-1.53172	-5.14767	4.87677
3.346	-1.54249	-5.13024	4.87882
3.348	-1.55309	-5.11272	4.88087
3.35	-1.5635	-5.09509	4.88291
3.352	-1.57374	-5.07737	4.88496
3.354	-1.58379	-5.05956	4.88701
3.356	-1.59366	-5.04165	4.88905
3.358	-1.60335	-5.02365	4.8911
3.36	-1.61285	-5.00556	4.89314
3.362	-1.62217	-4.98739	4.89518
3.364	-1.6313	-4.96913	4.89722
3.366	-1.64025	-4.95079	4.89926
3.368	-1.649	-4.93237	4.9013
3.37	-1.65757	-4.91386	4.90334
3.372	-1.66595	-4.89528	4.90538
3.374	-1.67415	-4.87663	4.90742
3.376	-1.68215	-4.8579	4.90945
3.378	-1.68996	-4.8391	4.91149
3.38	-1.69758	-4.82023	4.91352
3.382	-1.705	-4.80129	4.91556
3.384	-1.71224	-4.78229	4.91759
3.386	-1.71928	-4.76322	4.91962
3.388	-1.72613	-4.74409	4.92166
3.39	-1.73278	-4.72491	4.92369
3.392	-1.73924	-4.70566	4.92572
3.394	-1.7455	-4.68636	4.92775
3.396	-1.75157	-4.667	4.92978
3.398	-1.75744	-4.64759	4.9318
3.4	-1.76312	-4.62813	4.93383
3.402	-1.76859	-4.60863	4.93586
3.404	-1.77387	-4.58908	4.93788
3.406	-1.77896	-4.56948	4.93991
3.408	-1.78384	-4.54984	4.94193
3.41	-1.78853	-4.53016	4.94395
3.412	-1.79301	-4.51045	4.94597
3.414	-1.7973	-4.4907	4.948
3.416	-1.80139	-4.47091	4.95002
3.418	-1.80528	-4.45109	4.95204
3.42	-1.80897	-4.43124	4.95405
3.422	-1.81245	-4.41137	4.95607
3.424	-1.81574	-4.39147	4.95809
3.426	-1.81883	-4.37154	4.96011
3.428	-1.82172	-4.35159	4.96212
3.43	-1.82441	-4.33163	4.96414
3.432	-1.82689	-4.31164	4.96615
3.434	-1.82918	-4.29164	4.96816
3.436	-1.83126	-4.27162	4.97018
3.438	-1.83314	-4.2516	4.97219
3.44	-1.83483	-4.23156	4.9742
3.442	-1.83631	-4.21152	4.97621
3.444	-1.83759	-4.19147	4.97822
3.446	-1.83867	-4.17141	4.98023
3.448	-1.83955	-4.15136	4.98223
3.45	-1.84022	-4.1313	4.98424
3.452	-1.8407	-4.11125	4.98625
3.454	-1.84097	-4.0912	4.98825
3.456	-1.84105	-4.07116	4.99025
3.458	-1.84093	-4.05112	4.99226
3.46	-1.8406	-4.0311	4.99426
3.462	-1.84007	-4.01109	4.99626
3.464	-1.83935	-3.99109	4.99826
3.466	-1.83843	-3.97111	5.00026
3.468	-1.8373	-3.95114	5.00226
3.47	-1.83598	-3.9312	5.00426
3.472	-1.83446	-3.91128	5.00626
3.474	-1.83274	-3.89138	5.00826
3.476	-1.83082	-3.87151	5.01025
3.478	-1.8287	-3.85167	5.01225
3.48	-1.82639	-3.83186	5.01424
3.482	-1.82388	-3.81208	5.01624
3.484	-1.82117	-3.79233	5.01823
3.486	-1.81827	-3.77262	5.02022
3.488	-1.81517	-3.75295	5.02221
3.49	-1.81188	-3.73332	5.02421
3.492	-1.80839	-3.71372	5.0262
3.494	-1.8047	-3.69418	5.02818
3.496	-1.80083	-3.67468	5.03017
3.498	-1.79676	-3.65522	5.03216
3.5	-1.79249	-3.63582	5.03415
3.502	-1.78804	-3.61646	5.03613
3.504	-1.78339	-3.59716	5.03812
3.506	-1.77856	-3.57792	5.0401
3.508	-1.77353	-3.55873	5.04209
3.51	-1.76831	-3.5396	5.04407
3.512	-1.76291	-3.52053	5.04605
3.514	-1.75731	-3.50153	5.04803
3.516	-1.75153	-3.48259	5.05001
3.518	-1.74556	-3.46371	5.05199
3.52	-1.73941	-3.44491	5.05397
3.522	-1.73307	-3.42617	5.05595
3.524	-1.72655	-3.4075	5.05793
3.526	-1.71984	-3.38891	5.0599
3.528	-1.71295	-3.3704	5.06188
3.53	-1.70588	-3.35196	5.06385
3.532	-1.69862	-3.3336	5.06583
3.534	-1.69119	-3.31532	5.0678
3.536	-1.68358	-3.29712	5.06977
3.538	-1.67579	-3.27901	5.07174
3.54	-1.66782	-3.26098	5.07372
3.542	-1.65967	-3.24305	5.07569
3.544	-1.65135	-3.2252	5.07765
3.546	-1.64285	-3.20744	5.07962
3.548	-1.63419	-3.18977	5.08159
3.55	-1.62534	-3.1722	5.08356
3.552	-1.61633	-3.15473	5.08552
3.554	-1.60715	-3.13735	5.08749
3.556	-1.59779	-3.12008	5.08945
3.558	-1.58827	-3.1029	5.09142
3.56	-1.57858	-3.08583	5.09338
3.562	-1.56872	-3.06886	5.09534
3.564	-1.5587	-3.052	5.0973
3.566	-1.54852	-3.03525	5.09927
3.568	-1.53817	-3.0186	5.10123
3.57	-1.52766	-3.00207	5.10318
3.572	-1.51699	-2.98565	5.10514
3.574	-1.50616	-2.96934	5.1071
3.576	-1.49517	-2.95315	5.10906
3.578	-1.48403	-2.93708	5.11101
3.58	-1.47272	-2.92112	5.11297
3.582	-1.46127	-2.90529	5.11492
3.584	-1.44966	-2.88957	5.11688
3.586	-1.4379	-2.87398	5.11883
3.588	-1.42599	-2.85852	5.12078
3.59	-1.41393	-2.84318	5.12273
3.592	-1.40172	-2.82796	5.12468
3.594	-1.38937	-2.81288	5.12663
3.596	-1.37687	-2.79793	5.12858
3.598	-1.36423	-2.7831	5.13053
3.6	-1.35144	-2.76842	5.13248
3.602	-1.33852	-2.75386	5.13442
3.604	-1.32545	-2.73944	5.13637
3.606	-1.31224	-2.72516	5.13831
3.608	-1.2989	-2.71102	5.14026
3.61	-1.28543	-2.69701	5.1422
3.612	-1.27182	-2.68315	5.14415
3.614	-1.25807	-2.66943	5.14609
3.616	-1.2442	-2.65586	5.14803
3.618	-1.23019	-2.64242	5.14997
3.62	-1.21606	-2.62914	5.15191
3.622	-1.20181	-2.616	5.15385
3.624	-1.18742	-2.60301	5.15579
3.626	-1.17292	-2.59017	5.15772
3.628	-1.15829	-2.57748	5.15966
3.63	-1.14354	-2.56494	5.1616
3.632	-1.12867	-2.55256	5.16353
3.634	-1.11369	-2.54033	5.16546
3.636	-1.09859	-2.52825	5.1674
3.638	-1.08337	-2.51633	5.16933
3.64	-1.06805	-2.50457	5.17126
3.642	-1.05261	-2.49297	5.17319
3.644	-1.03707	-2.48152	5.17512
3.646	-1.02141	-2.47024	5.17705
3.648	-1.00565	-2.45912	5.17898
3.65	-0.989792	-2.44816	5.18091
3.652	-0.973827	-2.43737	5.18284
3.654	-0.957761	-2.42674	5.18476
3.656	-0.941596	-2.41627	5.18669
3.658	-0.925334	-2.40597	5.18861
3.66	-0.908976	-2.39584	5.19054
3.662	-0.892524	-2.38588	5.19246
3.664	-0.87598	-2.37608	5.19438
3.666	-0.859345	-2.36646	5.19631
3.668	-0.842622	-2.357	5.19823
3.67	-0.825812	-2.34772	5.20015
3.672	-0.808916	-2.33861	5.20207
3.674	-0.791937	-2.32967	5.20399
3.676	-0.774877	-2.3209	5.2059
3.678	-0.757736	-2.31231	5.20782
3.68	-0.740517	-2.3039	5.20974
3.682	-0.723222	-2.29566	5.21165
3.684	-0.705853	-2.2876	5.21357
3.686	-0.68841	-2.27971	5.21548
3.688	-0.670897	-2.27201	5.2174
3.69	-0.653314	-2.26448	5.21931
3.692	-0.635664	-2.25713	5.22122
3.694	-0.617949	-2.24996	5.22313
3.696	-0.60017	-2.24297	5.22504
3.698	-0.582329	-2.23616	5.22695
3.7	-0.564428	-2.22954	5.22886
3.702	-0.546468	-2.22309	5.23077
3.704	-0.528453	-2.21683	5.23268
3.706	-0.510383	-2.21075	5.23458
3.708	-0.49226	-2.20485	5.23649
3.71	-0.474087	-2.19914	5.23839
3.712	-0.455864	-2.19361	5.2403
3.714	-0.437595	-2.18827	5.2422
3.716	-0.41928	-2.18311	5.2441
3.718	-0.400922	-2.17814	5.24601
3.72	-0.382523	-2.17335	5.24791
3.722	-0.364084	-2.16875	5.24981
3.724	-0.345607	-2.16433	5.25171
3.726	-0.327095	-2.1601	5.25361
3.728	-0.308548	-2.15606	5.2555
3.73	-0.28997	-2.15221	5.2574
3.732	-0.271361	-2.14854	5.2593
3.734	-0.252724	-2.14506	5.26119
3.736	-0.234061	-2.14177	5.26309
3.738	-0.215373	-2.13867	5.26498
3.74	-0.196662	-2.13575	5.26688
3.742	-0.177931	-2.13302	5.26877
3.744	-0.159181	-2.13049	5.27066
3.746	-0.140414	-2.12814	5.27255
3.748	-0.121632	-2.12598	5.27444
3.75	-0.102837	-2.124	5.27633
3.752	-0.0840304	-2.12222	5.27822
3.754	-0.0652146	-2.12062	5.28011
3.756	-0.0463914	-2.11922	5.282
3.758	-0.0275625	-2.118	5.28389
3.76	-0.00872999	-2.11697	5.28577
3.762	0.0101044	-2.11613	5.28766
3.764	0.0289386	-2.11548	5.28954
3.766	0.0477709	-2.11502	5.29143
3.768	0.0665994	-2.11475	5.29331
3.77	0.0854221	-2.11466	5.29519
3.772	0.104237	-2.11476	5.29707
3.774	0.123043	-2.11505	5.29895
3.776	0.141837	-2.11553	5.30083
3.778	0.160618	-2.1162	5.30271
3.78	0.179384	-2.11705	5.30459
3.782	0.198133	-2.11809	5.30647
3.784	0.216863	-2.11932	5.30835
3.786	0.235573	-2.12073	5.31022
3.788	0.254259	-2.12233	5.3121
3.79	0.272922	-2.12412	5.31397
3.792	0.291558	-2.12609	5.31585
3.794	0.310166	-2.12825	5.31772
3.796	0.328744	-2.13059	5.31959
3.798	0.347291	-2.13312	5.32146
3.8	0.365803	-2.13583	5.32334
3.802	0.384281	-2.13873	5.32521
3.804	0.402721	-2.14181	5.32708
3.806	0.421122	-2.14507	5.32894
3.808	0.439482	-2.14851	5.33081
3.81	0.457799	-2.15214	5.33268
3.812	0.476072	-2.15595	5.33455
3.814	0.494299	-2.15994	5.33641
3.816	0.512478	-2.1641	5.33828
3.818	0.530606	-2.16845	5.34014
3.82	0.548683	-2.17298	5.34201
3.822	0.566707	-2.17769	5.34387
3.824	0.584676	-2.18257	5.34573
3.826	0.602587	-2.18764	5.34759
3.828	0.62044	-2.19288	5.34945
3.83	0.638233	-2.19829	5.35131
3.832	0.655963	-2.20388	5.35317
3.834	0.67363	-2.20965	5.35503
3.836	0.691231	-2.21559	5.35689
3.838	0.708765	-2.2217	5.35874
3.84	0.726229	-2.22798	5.3606
3.842	0.743624	-2.23444	5.36246
3.844	0.760945	-2.24107	5.36431
3.846	0.778193	-2.24787	5.36616
3.848	0.795365	-2.25483	5.36802
3.85	0.812459	-2.26197	5.36987
3.852	0.829475	-2.26927	5.37172
3.854	0.84641	-2.27674	5.37357
3.856	0.863262	-2.28438	5.37542
3.858	0.880031	-2.29218	5.37727
3.86	0.896714	-2.30015	5.37912
3.862	0.91331	-2.30827	5.38097
3.864	0.929818	-2.31656	5.38282
3.866	0.946235	-2.32502	5.38466
3.868	0.96256	-2.33363	5.38651
3.87	0.978791	-2.3424	5.38835
3.872	0.994928	-2.35133	5.3902
3.874	1.01097	-2.36042	5.39204
3.876	1.02691	-2.36966	5.39388
3.878	1.04275	-2.37906	5.39573
3.88	1.05849	-2.38861	5.39757
3.882	1.07413	-2.39832	5.39941
3.884	1.08967	-2.40818	5.40125
3.886	1.1051	-2.41819	5.40309
3.888	1.12042	-2.42834	5.40492
3.89	1.13563	-2.43865	5.40676
3.892	1.15074	-2.4491	5.4086
3.894	1.16573	-2.45971	5.41044
3.896	1.18061	-2.47045	5.41227
3.898	1.19538	-2.48134	5.41411
3.9	1.21003	-2.49237	5.41594
3.902	1.22456	-2.50355	5.41777
3.904	1.23898	-2.51486	5.41961
3.906	1.25327	-2.52631	5.42144
3.908	1.26745	-2.53791	5.42327
3.91	1.2815	-2.54963	5.4251
3.912	1.29543	-2.5615	5.42693
3.914	1.30923	-2.57349	5.42876
3.916	1.32291	-2.58562	5.43059
3.918	1.33646	-2.59788	5.43241
3.92	1.34988	-2.61027	5.43424
3.922	1.36318	-2.62279	5.43607
3.924	1.37634	-2.63544	5.43789
3.926	1.38937	-2.64821	5.43972
3.928	1.40226	-2.6611	5.44154
3.93	1.41502	-2.67412	5.44336
3.932	1.42765	-2.68726	5.44518
3.934	1.44013	-2.70053	5.44701
3.936	1.45248	-2.71391	5.44883
3.938	1.46469	-2.7274	5.45065
3.94	1.47676	-2.74102	5.45247
3.942	1.48869	-2.75475	5.45428
3.944	1.50048	-2.76859	5.4561
3.946	1.51212	-2.78254	5.45792
3.948	1.52362	-2.7966	5.45974
3.95	1.53497	-2.81078	5.46155
3.952	1.54617	-2.82505	5.46337
3.954	1.55723	-2.83944	5.46518
3.956	1.56814	-2.85393	5.46699
3.958	1.5789	-2.86852	5.46881
3.96	1.5895	-2.88321	5.47062
3.962	1.59996	-2.898	5.47243
3.964	1.61026	-2.91289	5.47424
3.966	1.62041	-2.92787	5.47605
3.968	1.63041	-2.94295	5.47786
3.97	1.64025	-2.95813	5.47967
3.972	1.64993	-2.97339	5.48148
3.974	1.65946	-2.98875	5.48328
3.976	1.66883	-3.00419	5.48509
3.978	1.67804	-3.01972	5.4869
3.98	1.68709	-3.03533	5.4887
3.982	1.69599	-3.05103	5.49051
3.984	1.70472	-3.06681	5.49231
3.986	1.71329	-3.08267	5.49411
3.988	1.72169	-3.09861	5.49591
3.99	1.72994	-3.11463	5.49771
3.992	1.73802	-3.13072	5.49952
3.994	1.74593	-3.14688	5.50132
3.996	1.75368	-3.16312	5.50311
3.998	1.76127	-3.17943	5.50491
4	1.76868	-3.1958	5.50671
4.002	1.77593	-3.21224	5.50851
4.004	1.78302	-3.22875	5.5103
4.006	1.78993	-3.24532	5.5121
4.008	1.79668	-3.26195	5.51389
4.01	1.80326	-3.27864	5.51569
4.012	1.80966	-3.29539	5.51748
4.014	1.8159	-3.3122	5.51927
4.016	1.82197	-3.32906	5.52107
4.018	1.82786	-3.34597	5.52286
4.02	1.83358	-3.36294	5.52465
4.022	1.83914	-3.37995	5.52644
4.024	1.84451	-3.39702	5.52823
4.026	1.84972	-3.41413	5.53001
4.028	1.85475	-3.43128	5.5318
4.03	1.85961	-3.44848	5.53359
4.032	1.86429	-3.46571	5.53538
4.034	1.8688	-3.48299	5.53716
4.036	1.87314	-3.5003	5.53895
4.038	1.8773	-3.51765	5.54073
4.04	1.88128	-3.53503	5.54251
4.042	1.88509	-3.55245	5.5443
4.044	1.88873	-3.56989	5.54608
4.046	1.89218	-3.58737	5.54786
4.048	1.89547	-3.60487	5.54964
4.05	1.89857	-3.62239	5.55142
4.052	1.9015	-3.63994	5.5532
4.054	1.90425	-3.65751	5.55498
4.056	1.90683	-3.6751	5.55675
4.058	1.90922	-3.6927	5.55853
4.06	1.91144	-3.71033	5.56031
4.062	1.91349	-3.72796	5.56208
4.064	1.91535	-3.74561	5.56386
4.066	1.91704	-3.76327	5.56563
4.068	1.91855	-3.78094	5.56741
4.07	1.91989	-3.79862	5.56918
4.072	1.92105	-3.8163	5.57095
4.074	1.92203	-3.83399	5.57272
4.076	1.92283	-3.85167	5.57449
4.078	1.92345	-3.86936	5.57626
4.08	1.9239	-3.88705	5.57803
4.082	1.92417	-3.90473	5.5798
4.084	1.92427	-3.92241	5.58157
4.086	1.92419	-3.94008	5.58333
4.088	1.92393	-3.95774	5.5851
4.09	1.92349	-3.97539	5.58687
4.092	1.92288	-3.99303	5.58863
4.094	1.92209	-4.01065	5.5904
4.096	1.92113	-4.02826	5.59216
