0	0	0	0
0.008	0.159829	-0.00319616	0.0159872
0.016	0.319148	-0.0127659	0.0319489
0.024	0.477703	-0.0286736	0.047885
0.032	0.635242	-0.0508735	0.0637956
0.04	0.791518	-0.07931	0.0796809
0.048	0.946283	-0.113918	0.0955407
0.056	1.0993	-0.154621	0.111375
0.064	1.25032	-0.201337	0.127184
0.072	1.39911	-0.25397	0.142968
0.08	1.54545	-0.312417	0.158727
0.088	1.6891	-0.376567	0.17446
0.096	1.82984	-0.446298	0.190169
0.104	1.96747	-0.521481	0.205852
0.112	2.10176	-0.601979	0.22151
0.12	2.23252	-0.687646	0.237143
0.128	2.35954	-0.778328	0.252751
0.136	2.48264	-0.873863	0.268334
0.144	2.60162	-0.974085	0.283892
0.152	2.71633	-1.07882	0.299426
0.16	2.82657	-1.18788	0.314934
0.168	2.9322	-1.30108	0.330418
0.176	3.03305	-1.41822	0.345877
0.184	3.12899	-1.53912	0.361311
0.192	3.21987	-1.66355	0.376721
0.2	3.30556	-1.79131	0.392106
0.208	3.38594	-1.92219	0.407466
0.216	3.46091	-2.05596	0.422802
0.224	3.53036	-2.19241	0.438113
0.232	3.59419	-2.3313	0.4534
0.24	3.65233	-2.47241	0.468662
0.248	3.70469	-2.61549	0.4839
0.256	3.75121	-2.76033	0.499114
0.264	3.79184	-2.90668	0.514303
0.272	3.82653	-3.0543	0.529468
0.28	3.85524	-3.20295	0.544609
0.288	3.87795	-3.35239	0.559725
0.296	3.89464	-3.50238	0.574818
0.304	3.9053	-3.65267	0.589886
0.312	3.90993	-3.80303	0.60493
0.32	3.90855	-3.95322	0.61995
0.328	3.90117	-4.10298	0.634946
0.336	3.88784	-4.2521	0.649918
0.344	3.86858	-4.40033	0.664866
0.352	3.84345	-4.54743	0.679791
0.36	3.81251	-4.69317	0.694691
0.368	3.77582	-4.83733	0.709568
0.376	3.73347	-4.97969	0.72442
0.384	3.68553	-5.12	0.739249
0.392	3.6321	-5.25807	0.754055
0.4	3.5733	-5.39368	0.768837
0.408	3.50921	-5.52661	0.783595
0.416	3.43998	-5.65666	0.798329
0.424	3.36572	-5.78364	0.81304
0.432	3.28656	-5.90735	0.827727
0.44	3.20266	-6.0276	0.842391
0.448	3.11416	-6.14421	0.857032
0.456	3.02121	-6.25701	0.871649
0.464	2.92399	-6.36583	0.886242
0.472	2.82265	-6.47051	0.900813
0.48	2.71737	-6.57089	0.91536
0.488	2.60834	-6.66682	0.929884
0.496	2.49574	-6.75818	0.944384
0.504	2.37977	-6.84481	0.958862
0.512	2.26061	-6.92661	0.973316
0.52	2.13847	-7.00346	0.987747
0.528	2.01356	-7.07525	1.00216
0.536	1.88608	-7.14187	1.01654
0.544	1.75624	-7.20325	1.0309
0.552	1.62427	-7.2593	1.04524
0.56	1.49037	-7.30994	1.05956
0.568	1.35478	-7.35511	1.07385
0.576	1.2177	-7.39477	1.08812
0.584	1.07938	-7.42885	1.10237
0.592	0.940017	-7.45734	1.11659
0.6	0.799856	-7.48018	1.1308
0.608	0.659119	-7.49738	1.14498
0.616	0.518032	-7.50892	1.15913
0.624	0.376823	-7.5148	1.17327
0.632	0.235718	-7.51502	1.18738
0.64	0.0949418	-7.50961	1.20147
0.648	-0.0452807	-7.4986	1.21553
0.656	-0.184727	-7.48201	1.22958
0.664	-0.323177	-7.45989	1.2436
0.672	-0.460412	-7.4323	1.2576
0.68	-0.596217	-7.3993	1.27157
0.688	-0.730378	-7.36095	1.28553
0.696	-0.862686	-7.31734	1.29946
0.704	-0.992937	-7.26855	1.31337
0.712	-1.12093	-7.21468	1.32726
0.72	-1.24646	-7.15583	1.34112
0.728	-1.36934	-7.0921	1.35497
0.736	-1.48938	-7.02363	1.36879
0.744	-1.6064	-6.95052	1.38259
0.752	-1.72023	-6.87292	1.39636
0.76	-1.83068	-6.79096	1.41012
0.768	-1.93759	-6.70478	1.42385
0.776	-2.04081	-6.61454	1.43756
0.784	-2.14017	-6.5204	1.45125
0.792	-2.23554	-6.42252	1.46492
0.8	-2.32678	-6.32106	1.47856
0.808	-2.41374	-6.21621	1.49219
0.816	-2.49631	-6.10813	1.50579
0.824	-2.57436	-5.99702	1.51937
0.832	-2.6478	-5.88306	1.53293
0.84	-2.7165	-5.76644	1.54646
0.848	-2.78039	-5.64735	1.55998
0.856	-2.83937	-5.526	1.57347
0.864	-2.89336	-5.40259	1.58694
0.872	-2.94229	-5.27731	1.60039
0.88	-2.98611	-5.15038	1.61382
0.888	-3.02475	-5.02201	1.62723
0.896	-3.05818	-4.8924	1.64061
0.904	-3.08635	-4.76177	1.65398
0.912	-3.10923	-4.63033	1.66732
0.92	-3.12682	-4.49829	1.68064
0.928	-3.13909	-4.36586	1.69394
0.936	-3.14604	-4.23326	1.70722
0.944	-3.14768	-4.1007	1.72048
0.952	-3.14403	-3.96839	1.73372
0.96	-3.1351	-3.83655	1.74693
0.968	-3.12093	-3.70538	1.76013
0.976	-3.10156	-3.57509	1.7733
0.984	-3.07703	-3.44588	1.78645
0.992	-3.04741	-3.31796	1.79958
1	-3.01274	-3.19154	1.81269
1.008	-2.97311	-3.0668	1.82578
1.016	-2.9286	-2.94394	1.83885
1.024	-2.87929	-2.82315	1.8519
1.032	-2.82527	-2.70462	1.86492
1.04	-2.76665	-2.58854	1.87793
1.048	-2.70354	-2.47507	1.89091
1.056	-2.63604	-2.36439	1.90388
1.064	-2.56429	-2.25667	1.91682
1.072	-2.48842	-2.15208	1.92974
1.08	-2.40854	-2.05076	1.94265
1.088	-2.32482	-1.95288	1.95553
1.096	-2.23738	-1.85858	1.96839
1.104	-2.1464	-1.76799	1.98123
1.112	-2.05201	-1.68125	1.99405
1.12	-1.95438	-1.59849	2.00685
1.128	-1.85369	-1.51982	2.01963
1.136	-1.7501	-1.44537	2.03239
1.144	-1.64378	-1.37522	2.04512
1.152	-1.53491	-1.3095	2.05784
1.16	-1.42369	-1.24827	2.07054
1.168	-1.31028	-1.19163	2.08322
1.176	-1.19489	-1.13966	2.09587
1.184	-1.0777	-1.09242	2.10851
1.192	-0.958898	-1.04997	2.12113
1.2	-0.83869	-1.01236	2.13372
1.208	-0.717268	-0.979645	2.1463
1.216	-0.594832	-0.951855	2.15885
1.224	-0.47158	-0.929021	2.17139
1.232	-0.347711	-0.911162	2.1839
1.24	-0.223427	-0.898291	2.1964
1.248	-0.0989265	-0.890413	2.20888
1.256	0.02559	-0.887525	2.22133
1.264	0.149923	-0.889615	2.23377
1.272	0.273875	-0.896664	2.24618
1.28	0.397248	-0.908646	2.25858
1.288	0.519847	-0.925524	2.27096
1.296	0.641479	-0.947256	2.28331
1.304	0.761951	-0.973793	2.29565
1.312	0.881074	-1.00508	2.30797
1.32	0.998664	-1.04104	2.32026
1.328	1.11454	-1.08161	2.33254
1.336	1.22851	-1.12671	2.3448
1.344	1.34041	-1.17626	2.35704
1.352	1.45006	-1.23015	2.36926
1.36	1.5573	-1.28829	2.38146
1.368	1.66196	-1.35057	2.39364
1.376	1.76388	-1.41689	2.4058
1.384	1.86292	-1.48711	2.41794
1.392	1.95891	-1.56112	2.43006
1.4	2.05171	-1.63878	2.44216
1.408	2.14119	-1.71997	2.45425
1.416	2.22722	-1.80453	2.46631
1.424	2.30966	-1.89232	2.47835
1.432	2.3884	-1.98319	2.49038
1.44	2.46333	-2.07699	2.50238
1.448	2.53433	-2.17356	2.51437
1.456	2.6013	-2.27273	2.52634
1.464	2.66415	-2.37433	2.53829
1.472	2.7228	-2.47821	2.55022
1.48	2.77716	-2.58417	2.56213
1.488	2.82716	-2.69205	2.57402
1.496	2.87273	-2.80167	2.58589
1.504	2.91381	-2.91284	2.59774
1.512	2.95036	-3.02539	2.60958
1.52	2.98233	-3.13913	2.62139
1.528	3.00967	-3.25387	2.63319
1.536	3.03238	-3.36943	2.64497
1.544	3.05041	-3.48561	2.65672
1.552	3.06376	-3.60224	2.66846
1.56	3.07243	-3.71913	2.68018
1.568	3.0764	-3.83607	2.69189
1.576	3.0757	-3.9529	2.70357
1.584	3.07033	-4.06942	2.71524
1.592	3.06033	-4.18544	2.72688
1.6	3.04572	-4.30079	2.73851
1.608	3.02653	-4.41528	2.75012
1.616	3.00283	-4.52872	2.76171
1.624	2.97465	-4.64095	2.77328
1.632	2.94205	-4.75179	2.78483
1.64	2.90511	-4.86105	2.79637
1.648	2.8639	-4.96858	2.80789
1.656	2.81849	-5.07421	2.81938
1.664	2.76897	-5.17777	2.83086
1.672	2.71544	-5.27911	2.84233
1.68	2.65799	-5.37806	2.85377
1.688	2.59672	-5.47449	2.86519
1.696	2.53176	-5.56823	2.8766
1.704	2.4632	-5.65916	2.88799
1.712	2.39118	-5.74714	2.89936
1.72	2.31582	-5.83202	2.91071
1.728	2.23725	-5.9137	2.92204
1.736	2.15561	-5.99204	2.93336
1.744	2.07104	-6.06694	2.94466
1.752	1.98368	-6.13828	2.95594
1.76	1.89368	-6.20596	2.9672
1.768	1.8012	-6.26988	2.97844
1.776	1.70638	-6.32996	2.98967
1.784	1.60939	-6.38611	3.00088
1.792	1.51039	-6.43825	3.01206
1.8	1.40955	-6.48631	3.02324
1.808	1.30704	-6.53024	3.03439
1.816	1.20301	-6.56996	3.04553
1.824	1.09765	-6.60544	3.05664
1.832	0.991119	-6.63662	3.06775
1.84	0.883603	-6.66348	3.07883
1.848	0.775272	-6.68598	3.08989
1.856	0.666302	-6.7041	3.10094
1.864	0.556871	-6.71783	3.11197
1.872	0.447153	-6.72715	3.12298
1.88	0.337326	-6.73207	3.13398
1.888	0.227566	-6.7326	3.14495
1.896	0.118049	-6.72874	3.15591
1.904	0.00894745	-6.72052	3.16685
1.912	-0.0995639	-6.70796	3.17778
1.92	-0.207314	-6.6911	3.18869
1.928	-0.314132	-6.66998	3.19958
1.936	-0.419851	-6.64464	3.21045
1.944	-0.524305	-6.61515	3.2213
1.952	-0.627331	-6.58155	3.23214
1.96	-0.728769	-6.54392	3.24296
1.968	-0.828461	-6.50233	3.25376
1.976	-0.926254	-6.45687	3.26455
1.984	-1.022	-6.4076	3.27531
1.992	-1.11554	-6.35463	3.28607
2	-1.20675	-6.29806	3.2968
2.008	-1.29548	-6.23797	3.30752
2.016	-1.3816	-6.17449	3.31822
2.024	-1.46498	-6.10773	3.3289
2.032	-1.54549	-6.03779	3.33956
2.04	-1.62302	-5.96481	3.35021
2.048	-1.69744	-5.8889	3.36084
2.056	-1.76866	-5.81021	3.37146
2.064	-1.83657	-5.72886	3.38205
2.072	-1.90106	-5.645	3.39263
2.08	-1.96205	-5.55876	3.4032
2.088	-2.01946	-5.4703	3.41374
2.096	-2.07319	-5.37975	3.42427
2.104	-2.12318	-5.28728	3.43479
2.112	-2.16935	-5.19303	3.44528
2.12	-2.21166	-5.09716	3.45576
2.128	-2.25003	-4.99984	3.46622
2.136	-2.28443	-4.90122	3.47667
2.144	-2.31481	-4.80146	3.4871
2.152	-2.34113	-4.70072	3.49751
2.16	-2.36336	-4.59918	3.50791
2.168	-2.38149	-4.49699	3.51829
2.176	-2.3955	-4.39432	3.52865
2.184	-2.40537	-4.29134	3.53899
2.192	-2.41111	-4.18822	3.54932
2.2	-2.41272	-4.08511	3.55964
2.208	-2.4102	-3.98218	3.56993
2.216	-2.40358	-3.8796	3.58021
2.224	-2.39289	-3.77753	3.59048
2.232	-2.37814	-3.67614	3.60072
2.24	-2.35938	-3.57557	3.61095
2.248	-2.33665	-3.476	3.62117
2.256	-2.31	-3.37757	3.63137
2.264	-2.27949	-3.28044	3.64155
2.272	-2.24516	-3.18476	3.65171
2.28	-2.20711	-3.09068	3.66186
2.288	-2.16538	-2.99835	3.67199
2.296	-2.12007	-2.90791	3.68211
2.304	-2.07126	-2.81949	3.69221
2.312	-2.01903	-2.73323	3.7023
2.32	-1.96349	-2.64926	3.71236
2.328	-1.90472	-2.56771	3.72242
2.336	-1.84285	-2.48871	3.73245
2.344	-1.77796	-2.41236	3.74247
2.352	-1.71018	-2.33879	3.75248
2.36	-1.63963	-2.2681	3.76246
2.368	-1.56643	-2.20039	3.77244
2.376	-1.49069	-2.13577	3.78239
2.384	-1.41256	-2.07433	3.79233
2.392	-1.33216	-2.01616	3.80226
2.4	-1.24964	-1.96133	3.81217
2.408	-1.16512	-1.90994	3.82206
2.416	-1.07875	-1.86204	3.83194
2.424	-0.990677	-1.8177	3.8418
2.432	-0.901045	-1.77698	3.85164
2.44	-0.810002	-1.73995	3.86147
2.448	-0.717699	-1.70663	3.87129
2.456	-0.624287	-1.67708	3.88108
2.464	-0.529919	-1.65133	3.89087
2.472	-0.434749	-1.62941	3.90063
2.48	-0.338933	-1.61134	3.91038
2.488	-0.242624	-1.59715	3.92012
2.496	-0.14598	-1.58683	3.92984
2.504	-0.049155	-1.58039	3.93954
2.512	0.0476946	-1.57783	3.94923
2.52	0.144414	-1.57915	3.95891
2.528	0.240849	-1.58433	3.96856
2.536	0.336846	-1.59334	3.97821
2.544	0.432253	-1.60617	3.98783
2.552	0.52692	-1.62277	3.99745
2.56	0.620696	-1.64311	4.00704
2.568	0.713435	-1.66715	4.01662
2.576	0.804993	-1.69484	4.02619
2.584	0.895225	-1.72611	4.03574
2.592	0.983993	-1.76091	4.04527
2.6	1.07116	-1.79917	4.05479
2.608	1.15659	-1.84082	4.0643
2.616	1.24015	-1.88578	4.07379
2.624	1.32171	-1.93397	4.08326
2.632	1.40116	-1.9853	4.09272
2.64	1.47837	-2.03968	4.10217
2.648	1.55322	-2.09701	4.1116
2.656	1.6256	-2.15719	4.12101
2.664	1.69541	-2.22012	4.13041
2.672	1.76253	-2.28568	4.13979
2.68	1.82688	-2.35377	4.14916
2.688	1.88835	-2.42426	4.15851
2.696	1.94687	-2.49704	4.16785
2.704	2.00233	-2.57198	4.17718
2.712	2.05468	-2.64895	4.18649
2.72	2.10382	-2.72783	4.19578
2.728	2.14969	-2.80848	4.20506
2.736	2.19224	-2.89077	4.21432
2.744	2.2314	-2.97457	4.22357
2.752	2.26712	-3.05972	4.23281
2.76	2.29935	-3.1461	4.24203
2.768	2.32806	-3.23355	4.25123
2.776	2.35321	-3.32195	4.26043
2.784	2.37477	-3.41113	4.2696
2.792	2.39271	-3.50096	4.27876
2.8	2.40703	-3.5913	4.28791
2.808	2.4177	-3.68198	4.29704
2.816	2.42473	-3.77288	4.30616
2.824	2.42811	-3.86384	4.31526
2.832	2.42786	-3.95472	4.32435
2.84	2.42397	-4.04537	4.33342
2.848	2.41648	-4.13564	4.34248
2.856	2.4054	-4.2254	4.35153
2.864	2.39076	-4.31451	4.36056
2.872	2.3726	-4.40281	4.36957
2.88	2.35096	-4.49018	4.37858
2.888	2.32588	-4.57647	4.38756
2.896	2.29741	-4.66156	4.39654
2.904	2.26562	-4.74531	4.40549
2.912	2.23056	-4.82758	4.41444
2.92	2.1923	-4.90826	4.42337
2.928	2.15091	-4.98722	4.43228
2.936	2.10646	-5.06433	4.44118
2.944	2.05905	-5.13949	4.45007
2.952	2.00875	-5.21257	4.45894
2.96	1.95565	-5.28347	4.4678
2.968	1.89984	-5.35208	4.47665
2.976	1.84143	-5.4183	4.48548
2.984	1.78052	-5.48203	4.49429
2.992	1.71721	-5.54317	4.5031
3	1.65161	-5.60164	4.51188
3.008	1.58383	-5.65735	4.52066
3.016	1.51399	-5.71021	4.52942
3.024	1.44221	-5.76017	4.53816
3.032	1.3686	-5.80714	4.5469
3.04	1.2933	-5.85105	4.55561
3.048	1.21642	-5.89186	4.56432
3.056	1.1381	-5.9295	4.57301
3.064	1.05846	-5.96392	4.58168
3.072	0.977645	-5.99507	4.59035
3.08	0.895775	-6.02293	4.59899
3.088	0.812989	-6.04745	4.60763
3.096	0.729422	-6.06861	4.61625
3.104	0.645211	-6.08638	4.62486
3.112	0.560493	-6.10074	4.63345
3.12	0.475404	-6.11169	4.64203
3.128	0.390082	-6.11922	4.6506
3.136	0.304664	-6.12332	4.65915
3.144	0.219287	-6.124	4.66769
3.152	0.134088	-6.12127	4.67621
3.16	0.0492016	-6.11514	4.68472
3.168	-0.0352365	-6.10564	4.69322
3.176	-0.119093	-6.0928	4.7017
3.184	-0.202235	-6.07663	4.71018
3.192	-0.284533	-6.05719	4.71863
3.2	-0.365857	-6.0345	4.72708
3.208	-0.44608	-6.00862	4.73551
3.216	-0.525078	-5.9796	4.74392
3.224	-0.602728	-5.9475	4.75233
3.232	-0.67891	-5.91238	4.76071
3.24	-0.753507	-5.87429	4.76909
3.248	-0.826405	-5.83332	4.77745
3.256	-0.897492	-5.78954	4.7858
3.264	-0.96666	-5.74302	4.79414
3.272	-1.03381	-5.69386	4.80246
3.28	-1.09883	-5.64213	4.81077
3.288	-1.16163	-5.58793	4.81907
3.296	-1.22211	-5.53135	4.82735
3.304	-1.2802	-5.47249	4.83562
3.312	-1.33579	-5.41145	4.84388
3.32	-1.38881	-5.34835	4.85212
3.328	-1.43919	-5.28327	4.86035
3.336	-1.48684	-5.21634	4.86857
3.344	-1.53172	-5.14767	4.87677
3.352	-1.57374	-5.07737	4.88496
3.36	-1.61285	-5.00556	4.89314
3.368	-1.649	-4.93237	4.9013
3.376	-1.68215	-4.8579	4.90945
3.384	-1.71224	-4.78229	4.91759
3.392	-1.73924	-4.70566	4.92572
3.4	-1.76312	-4.62813	4.93383
3.408	-1.78384	-4.54984	4.94193
3.416	-1.80139	-4.47091	4.95002
3.424	-1.81574	-4.39147	4.95809
3.432	-1.82689	-4.31164	4.96615
3.44	-1.83483	-4.23156	4.9742
3.448	-1.83955	-4.15136	4.98223
3.456	-1.84105	-4.07116	4.99025
3.464	-1.83935	-3.99109	4.99826
3.472	-1.83446	-3.91128	5.00626
3.48	-1.82639	-3.83186	5.01424
3.488	-1.81517	-3.75295	5.02221
3.496	-1.80083	-3.67468	5.03017
3.504	-1.78339	-3.59716	5.03812
3.512	-1.76291	-3.52053	5.04605
3.52	-1.73941	-3.44491	5.05397
3.528	-1.71295	-3.3704	5.06188
3.536	-1.68358	-3.29712	5.06977
3.544	-1.65135	-3.2252	5.07765
3.552	-1.61633	-3.15473	5.08552
3.56	-1.57858	-3.08583	5.09338
3.568	-1.53817	-3.0186	5.10123
3.576	-1.49517	-2.95315	5.10906
3.584	-1.44966	-2.88957	5.11688
3.592	-1.40172	-2.82796	5.12468
3.6	-1.35144	-2.76842	5.13248
3.608	-1.2989	-2.71102	5.14026
3.616	-1.2442	-2.65586	5.14803
3.624	-1.18742	-2.60301	5.15579
3.632	-1.12867	-2.55256	5.16353
3.64	-1.06805	-2.50457	5.17126
3.648	-1.00565	-2.45912	5.17898
3.656	-0.941596	-2.41627	5.18669
3.664	-0.87598	-2.37608	5.19438
3.672	-0.808916	-2.33861	5.20207
3.68	-0.740517	-2.3039	5.20974
3.688	-0.670897	-2.27201	5.2174
3.696	-0.60017	-2.24297	5.22504
3.704	-0.528453	-2.21683	5.23268
3.712	-0.455864	-2.19361	5.2403
3.72	-0.382523	-2.17335	5.24791
3.728	-0.308548	-2.15606	5.2555
3.736	-0.234061	-2.14177	5.26309
3.744	-0.159181	-2.13049	5.27066
3.752	-0.0840304	-2.12222	5.27822
3.76	-0.00872999	-2.11697	5.28577
3.768	0.0665994	-2.11475	5.29331
3.776	0.141837	-2.11553	5.30083
3.784	0.216863	-2.11932	5.30835
3.792	0.291558	-2.12609	5.31585
3.8	0.365803	-2.13583	5.32334
3.808	0.439482	-2.14851	5.33081
3.816	0.512478	-2.1641	5.33828
3.824	0.584676	-2.18257	5.34573
3.832	0.655963	-2.20388	5.35317
3.84	0.726229	-2.22798	5.3606
3.848	0.795365	-2.25483	5.36802
3.856	0.863262	-2.28438	5.37542
3.864	0.929818	-2.31656	5.38282
3.872	0.994928	-2.35133	5.3902
3.88	1.05849	-2.38861	5.39757
3.888	1.12042	-2.42834	5.40492
3.896	1.18061	-2.47045	5.41227
3.904	1.23898	-2.51486	5.41961
3.912	1.29543	-2.5615	5.42693
3.92	1.34988	-2.61027	5.43424
3.928	1.40226	-2.6611	5.44154
3.936	1.45248	-2.71391	5.44883
3.944	1.50048	-2.76859	5.4561
3.952	1.54617	-2.82505	5.46337
3.96	1.5895	-2.88321	5.47062
3.968	1.63041	-2.94295	5.47786
3.976	1.66883	-3.00419	5.48509
3.984	1.70472	-3.06681	5.49231
3.992	1.73802	-3.13072	5.49952
4	1.76868	-3.1958	5.50671
4.008	1.79668	-3.26195	5.51389
4.016	1.82197	-3.32906	5.52107
4.024	1.84451	-3.39702	5.52823
4.032	1.86429	-3.46571	5.53538
4.04	1.88128	-3.53503	5.54251
4.048	1.89547	-3.60487	5.54964
4.056	1.90683	-3.6751	5.55675
4.064	1.91535	-3.74561	5.56386
4.072	1.92105	-3.8163	5.57095
4.08	1.9239	-3.88705	5.57803
4.088	1.92393	-3.95774	5.5851
4.096	1.92113	-4.02826	5.59216
